0.000000000000000000e+00 -2.635375037789344788e-02
1.000000000000000056e-01 -2.998874709010124207e-02
2.000000000000000111e-01 -4.725500196218490601e-02
3.000000000000000444e-01 -1.026887521147727966e-01
4.000000000000000222e-01 -1.235899925231933594e-01
5.000000000000000000e-01 -1.244987472891807556e-01
6.000000000000000888e-01 -1.444912403821945190e-01
7.000000000000000666e-01 -1.735712587833404541e-01
8.000000000000000444e-01 -2.017425000667572021e-01
9.000000000000000222e-01 -2.662637531757354736e-01
1.000000000000000000e+00 -3.471425175666809082e-01
1.100000000000000089e+00 -3.607737421989440918e-01
1.200000000000000178e+00 -3.471424877643585205e-01
1.300000000000000044e+00 -3.680437505245208740e-01
1.400000000000000133e+00 -4.698237478733062744e-01
1.500000000000000000e+00 -6.543000340461730957e-01
1.600000000000000089e+00 -7.878862619400024414e-01
1.700000000000000178e+00 -9.023887515068054199e-01
1.800000000000000044e+00 -9.142025113105773926e-01
1.900000000000000133e+00 -7.542625069618225098e-01
2.000000000000000000e+00 -2.844387590885162354e-01
2.100000000000000089e+00 1.025978684425354004e+00
2.200000000000000178e+00 1.567593812942504883e+00
2.300000000000000266e+00 -8.778524398803710938e-01
2.400000000000000355e+00 -9.241987228393554688e+00
2.500000000000000000e+00 -2.436086082458496094e+01
2.600000000000000089e+00 -3.070484542846679688e+01
2.700000000000000178e+00 -5.381890106201171875e+01
2.800000000000000266e+00 -2.820123863220214844e+01
2.900000000000000355e+00 -5.770653152465820312e+01
3.000000000000000000e+00 -6.989741516113281250e+01
3.100000000000000089e+00 -8.148488616943359375e+01
3.200000000000000178e+00 -8.347232055664062500e+01
3.300000000000000266e+00 -9.123304748535156250e+01
3.400000000000000355e+00 -3.311939239501953125e+01
3.500000000000000000e+00 -2.090125083923339844e-01
3.600000000000000089e+00 -8.178749680519104004e-02
3.700000000000000178e+00 -6.361249834299087524e-03
3.800000000000000266e+00 9.087499976158142090e-02
3.900000000000000355e+00 2.017425000667572021e-01
4.000000000000000000e+00 2.128292560577392578e+00
4.100000000000000533e+00 9.242896080017089844e+00
4.200000000000000178e+00 1.319868469238281250e+01
4.299999999999999822e+00 1.232410430908203125e+02
4.400000000000000355e+00 1.167789154052734375e+02
4.500000000000000000e+00 1.030867767333984375e+02
4.600000000000000533e+00 1.114172821044921875e+02
4.700000000000000178e+00 1.139172592163085938e+02
4.800000000000000711e+00 9.759248352050781250e+01
4.900000000000000355e+00 3.044312596321105957e-01
5.000000000000000000e+00 -4.271125048398971558e-02
5.100000000000000533e+00 -4.361999779939651489e-02
5.200000000000000178e+00 -3.544124960899353027e-02
5.300000000000000711e+00 -3.544124960899353027e-02
5.400000000000000355e+00 -3.544125333428382874e-02
5.500000000000000000e+00 -4.180250316858291626e-02
5.600000000000000533e+00 -4.816374927759170532e-02
5.700000000000000178e+00 -3.998499736189842224e-02
5.800000000000000711e+00 -3.907625004649162292e-02
5.900000000000000355e+00 -3.998500108718872070e-02
6.000000000000000000e+00 -3.907625004649162292e-02
6.100000000000000533e+00 -3.998500108718872070e-02
6.200000000000000178e+00 -3.907625004649162292e-02
6.300000000000000711e+00 -4.271125048398971558e-02
6.400000000000000355e+00 -4.452874884009361267e-02
6.500000000000000000e+00 -3.998500108718872070e-02
6.600000000000000533e+00 -3.544124960899353027e-02
6.700000000000000178e+00 -4.361999779939651489e-02
6.800000000000000711e+00 -4.634625092148780823e-02
6.900000000000000355e+00 -3.907625004649162292e-02
7.000000000000000000e+00 -4.816374927759170532e-02
7.100000000000000533e+00 -4.361999779939651489e-02
7.200000000000000178e+00 -4.361999779939651489e-02
7.300000000000000711e+00 -4.634625092148780823e-02
7.400000000000000355e+00 -4.634625092148780823e-02
7.500000000000000000e+00 -4.634625092148780823e-02
7.600000000000000533e+00 -4.543749988079071045e-02
7.700000000000000178e+00 -4.089375212788581848e-02
7.800000000000000711e+00 -4.543749988079071045e-02
7.900000000000000355e+00 -4.452875256538391113e-02
8.000000000000000000e+00 -4.271125048398971558e-02
8.099999999999999645e+00 -4.907250031828880310e-02
8.200000000000001066e+00 -3.998500108718872070e-02
8.300000000000000711e+00 -3.635000064969062805e-02
8.400000000000000355e+00 -3.816749900579452515e-02
8.500000000000000000e+00 -3.635000064969062805e-02
8.599999999999999645e+00 -4.452874884009361267e-02
8.700000000000001066e+00 -4.816374927759170532e-02
8.800000000000000711e+00 -4.271125048398971558e-02
8.900000000000000355e+00 -4.361999779939651489e-02
9.000000000000000000e+00 -4.634625092148780823e-02
9.099999999999999645e+00 -4.452874884009361267e-02
9.200000000000001066e+00 -4.361999779939651489e-02
9.300000000000000711e+00 -4.998125135898590088e-02
9.400000000000000355e+00 -4.543750360608100891e-02
9.500000000000000000e+00 -3.635000064969062805e-02
9.600000000000001421e+00 -4.271125048398971558e-02
9.700000000000001066e+00 -3.725875169038772583e-02
9.800000000000000711e+00 -4.180250316858291626e-02
9.900000000000000355e+00 -3.907624632120132446e-02
1.000000000000000000e+01 -3.725875169038772583e-02
1.010000000000000142e+01 -4.361999779939651489e-02
1.020000000000000107e+01 -3.907625004649162292e-02
1.030000000000000071e+01 -3.998500108718872070e-02
1.040000000000000036e+01 -4.089375212788581848e-02
1.050000000000000000e+01 -4.452874884009361267e-02
1.060000000000000142e+01 -3.362374752759933472e-02
1.070000000000000107e+01 -3.362374752759933472e-02
1.080000000000000071e+01 -3.544124960899353027e-02
1.090000000000000036e+01 -4.543749988079071045e-02
1.100000000000000000e+01 -3.816749900579452515e-02
1.110000000000000142e+01 -3.816749900579452515e-02
1.120000000000000107e+01 -1.999249868094921112e-02
1.130000000000000071e+01 1.453999988734722137e-02
1.140000000000000036e+01 7.997000217437744141e-02
1.150000000000000000e+01 9.814500063657760620e-02
1.160000000000000142e+01 1.981075108051300049e-01
1.170000000000000107e+01 4.025762677192687988e-01
1.180000000000000071e+01 7.215474843978881836e-01
1.190000000000000036e+01 9.605487585067749023e-01
1.200000000000000000e+01 1.227721214294433594e+00
1.210000000000000142e+01 1.458543777465820312e+00
1.220000000000000107e+01 1.730260133743286133e+00
1.230000000000000071e+01 1.812047600746154785e+00
1.240000000000000036e+01 1.967443823814392090e+00
1.250000000000000000e+01 2.143741130828857422e+00
1.260000000000000142e+01 2.380016088485717773e+00
1.270000000000000107e+01 2.406369924545288086e+00
1.280000000000000071e+01 2.508150100708007812e+00
1.290000000000000036e+01 2.685356140136718750e+00
1.300000000000000000e+01 2.693535089492797852e+00
1.310000000000000142e+01 2.807128667831420898e+00
1.320000000000000107e+01 3.112468957901000977e+00
1.330000000000000071e+01 3.288766384124755859e+00
1.340000000000000036e+01 3.267864942550659180e+00
1.350000000000000000e+01 3.770404100418090820e+00
1.360000000000000142e+01 5.027205467224121094e+00
1.370000000000000107e+01 6.229481220245361328e+00
1.380000000000000071e+01 6.320355892181396484e+00
1.390000000000000036e+01 7.130961418151855469e+00
1.400000000000000000e+01 8.378674507141113281e+00
1.410000000000000142e+01 9.082047462463378906e+00
1.420000000000000107e+01 1.084229564666748047e+01
1.430000000000000071e+01 1.271977424621582031e+01
1.440000000000000036e+01 1.222268772125244141e+01
1.450000000000000000e+01 1.335226440429687500e+01
1.460000000000000142e+01 1.432280921936035156e+01
1.470000000000000107e+01 1.321776866912841797e+01
1.480000000000000071e+01 1.392205047607421875e+01
1.490000000000000036e+01 1.510251617431640625e+01
1.500000000000000000e+01 1.728533554077148438e+01
1.510000000000000142e+01 2.192632102966308594e+01
1.520000000000000107e+01 4.253041076660156250e+01
1.530000000000000071e+01 5.372348785400390625e+01
1.540000000000000036e+01 5.999567794799804688e+01
1.550000000000000000e+01 7.430030822753906250e+01
1.560000000000000142e+01 8.224187469482421875e+01
1.570000000000000107e+01 9.084773254394531250e+01
1.580000000000000071e+01 9.741617584228515625e+01
1.590000000000000036e+01 1.063537368774414062e+02
1.600000000000000000e+01 1.114581909179687500e+02
1.610000000000000142e+01 1.155284805297851562e+02
1.619999999999999929e+01 1.176994781494140625e+02
1.630000000000000071e+01 1.210727691650390625e+02
1.640000000000000213e+01 1.249340438842773438e+02
1.650000000000000000e+01 1.297867736816406250e+02
1.660000000000000142e+01 1.350702362060546875e+02
1.669999999999999929e+01 1.487641906738281250e+02
1.680000000000000071e+01 1.488850555419921875e+02
1.690000000000000213e+01 1.488850555419921875e+02
1.700000000000000000e+01 1.488850555419921875e+02
1.710000000000000142e+01 1.488850555419921875e+02
1.719999999999999929e+01 1.488850555419921875e+02
1.730000000000000071e+01 1.488850555419921875e+02
1.740000000000000213e+01 1.488850555419921875e+02
1.750000000000000000e+01 1.488850555419921875e+02
1.760000000000000142e+01 1.095225524902343750e+01
1.769999999999999929e+01 8.269625157117843628e-02
1.780000000000000071e+01 -1.116853833198547363e+00
1.790000000000000213e+01 -1.230447530746459961e+00
1.800000000000000000e+01 -2.383651256561279297e+00
1.810000000000000142e+01 -9.064781188964843750e+00
1.819999999999999929e+01 -1.978076171875000000e+01
1.830000000000000071e+01 -3.432167053222656250e+01
1.840000000000000213e+01 -9.393840026855468750e+01
1.850000000000000000e+01 -1.353292236328125000e+02
1.860000000000000142e+01 -1.488896026611328125e+02
1.869999999999999929e+01 -1.488896026611328125e+02
1.880000000000000071e+01 -1.488896026611328125e+02
1.890000000000000213e+01 -1.488896026611328125e+02
1.900000000000000000e+01 -1.488896026611328125e+02
1.910000000000000142e+01 -1.488896026611328125e+02
1.920000000000000284e+01 -1.488896026611328125e+02
1.930000000000000071e+01 -1.488896026611328125e+02
1.940000000000000213e+01 -1.488896026611328125e+02
1.950000000000000000e+01 -1.488896026611328125e+02
1.960000000000000142e+01 -1.488896026611328125e+02
1.970000000000000284e+01 -2.093760013580322266e+00
1.980000000000000071e+01 -4.271125048398971558e-02
1.990000000000000213e+01 -6.361250579357147217e-02
2.000000000000000000e+01 -6.361250579357147217e-02
2.010000000000000142e+01 -5.815999954938888550e-02
2.020000000000000284e+01 -5.815999954938888550e-02
2.030000000000000071e+01 -6.088625267148017883e-02
2.040000000000000213e+01 -6.724749505519866943e-02
2.050000000000000000e+01 -5.815999582409858704e-02
2.060000000000000142e+01 -6.543000042438507080e-02
2.070000000000000284e+01 -5.906875059008598328e-02
2.080000000000000071e+01 -6.270374357700347900e-02
2.090000000000000213e+01 -7.179124653339385986e-02
2.100000000000000000e+01 -6.361250579357147217e-02
2.110000000000000142e+01 -6.179499626159667969e-02
2.120000000000000284e+01 -6.815624982118606567e-02
2.130000000000000071e+01 -6.815624982118606567e-02
2.140000000000000213e+01 -5.997750163078308105e-02
2.150000000000000000e+01 -5.634250119328498840e-02
2.160000000000000142e+01 -5.906874686479568481e-02
2.170000000000000284e+01 -6.543000042438507080e-02
2.180000000000000071e+01 -5.725125223398208618e-02
2.190000000000000213e+01 -6.270374357700347900e-02
2.200000000000000000e+01 -5.634250119328498840e-02
2.210000000000000142e+01 -6.361249834299087524e-02
2.220000000000000284e+01 -6.179499626159667969e-02
2.230000000000000071e+01 -5.815999954938888550e-02
2.240000000000000213e+01 -6.270375102758407593e-02
2.250000000000000000e+01 -5.361624807119369507e-02
2.260000000000000142e+01 -5.452499538660049438e-02
2.270000000000000284e+01 -5.906875059008598328e-02
2.280000000000000071e+01 -4.998124763369560242e-02
2.290000000000000213e+01 -5.361624807119369507e-02
2.300000000000000000e+01 -5.179874971508979797e-02
2.310000000000000142e+01 -5.452499911189079285e-02
2.320000000000000284e+01 -5.906875059008598328e-02
2.330000000000000071e+01 -4.998125135898590088e-02
2.340000000000000213e+01 -5.906875059008598328e-02
2.350000000000000000e+01 -5.634250119328498840e-02
2.360000000000000142e+01 -4.543749988079071045e-02
2.370000000000000284e+01 -5.997750163078308105e-02
2.380000000000000071e+01 -5.543375015258789062e-02
2.390000000000000213e+01 -5.270750075578689575e-02
2.400000000000000000e+01 -5.815999954938888550e-02
2.410000000000000142e+01 -4.452874884009361267e-02
2.420000000000000284e+01 -5.815999954938888550e-02
2.430000000000000071e+01 -4.543749988079071045e-02
2.440000000000000213e+01 -5.361624807119369507e-02
2.450000000000000000e+01 -5.543375015258789062e-02
2.460000000000000142e+01 -4.271125048398971558e-02
2.470000000000000284e+01 -4.543749988079071045e-02
2.480000000000000071e+01 -5.452499538660049438e-02
2.490000000000000213e+01 -5.089000612497329712e-02
2.500000000000000000e+01 -4.907250031828880310e-02
2.510000000000000142e+01 -4.907250031828880310e-02
2.520000000000000284e+01 -4.543749988079071045e-02
2.530000000000000071e+01 -5.270750075578689575e-02
2.540000000000000213e+01 -4.998125135898590088e-02
2.550000000000000000e+01 -5.179874971508979797e-02
2.560000000000000142e+01 -3.998500108718872070e-02
2.570000000000000284e+01 -4.452874884009361267e-02
2.580000000000000071e+01 -4.998125135898590088e-02
2.590000000000000213e+01 -5.543375015258789062e-02
2.600000000000000000e+01 -5.452499911189079285e-02
2.610000000000000142e+01 -5.997749418020248413e-02
2.620000000000000284e+01 -1.135937422513961792e-01
2.630000000000000071e+01 -3.498687148094177246e-01
2.640000000000000213e+01 -2.617200016975402832e-01
2.650000000000000000e+01 -2.926174998283386230e-01
2.660000000000000142e+01 -2.626287341117858887e-01
2.670000000000000284e+01 -2.935262322425842285e-01
2.680000000000000071e+01 -3.653175234794616699e-01
2.690000000000000213e+01 -3.435074687004089355e-01
2.700000000000000000e+01 9.705449938774108887e-01
2.710000000000000142e+01 4.274760246276855469e+00
2.720000000000000284e+01 3.156997680664062500e+00
2.730000000000000071e+01 5.983210086822509766e+00
2.740000000000000213e+01 -4.530573272705078125e+01
2.750000000000000000e+01 -1.044944305419921875e+02
2.760000000000000142e+01 -1.480035705566406250e+02
2.770000000000000284e+01 -1.488896026611328125e+02
2.780000000000000071e+01 -1.488896026611328125e+02
2.790000000000000213e+01 -1.488896026611328125e+02
2.800000000000000000e+01 -5.108992099761962891e+00
2.810000000000000142e+01 -3.316937386989593506e-01
2.820000000000000284e+01 -2.753512263298034668e-01
2.830000000000000071e+01 2.299137562513351440e-01
2.840000000000000213e+01 1.950177431106567383e+00
2.850000000000000000e+01 3.230606555938720703e+00
2.860000000000000142e+01 6.021377563476562500e+00
2.870000000000000284e+01 6.333987712860107422e+00
2.880000000000000071e+01 7.064622402191162109e+00
2.890000000000000213e+01 7.403586387634277344e+00
2.900000000000000000e+01 7.328160285949707031e+00
2.910000000000000142e+01 7.606237888336181641e+00
2.920000000000000284e+01 7.574431419372558594e+00
2.930000000000000071e+01 7.628956794738769531e+00
2.940000000000000213e+01 7.728918552398681641e+00
2.950000000000000000e+01 7.777990818023681641e+00
2.960000000000000142e+01 7.366327762603759766e+00
2.970000000000000284e+01 6.604794979095458984e+00
2.980000000000000071e+01 5.861437797546386719e+00
2.990000000000000213e+01 5.237126350402832031e+00
3.000000000000000000e+01 4.650982856750488281e+00
3.010000000000000142e+01 4.178432464599609375e+00
3.020000000000000284e+01 3.653174877166748047e+00
3.030000000000000071e+01 3.282405138015747070e+00
3.040000000000000213e+01 3.147910118103027344e+00
3.050000000000000000e+01 3.403268814086914062e+00
3.060000000000000142e+01 3.939431428909301758e+00
3.070000000000000284e+01 4.316563129425048828e+00
3.080000000000000071e+01 4.744584083557128906e+00
3.090000000000000213e+01 5.065372467041015625e+00
3.100000000000000000e+01 4.921790122985839844e+00
3.110000000000000142e+01 4.319288730621337891e+00
3.120000000000000284e+01 3.565935134887695312e+00
3.130000000000000071e+01 2.805311203002929688e+00
3.140000000000000213e+01 3.213340044021606445e+00
3.150000000000000000e+01 4.983584880828857422e+00
3.160000000000000142e+01 6.652050018310546875e+00
3.170000000000000284e+01 7.688024997711181641e+00
3.180000000000000071e+01 8.397759437561035156e+00
3.190000000000000213e+01 9.002077102661132812e+00
3.200000000000000000e+01 9.439187049865722656e+00
3.210000000000000142e+01 9.373756408691406250e+00
3.220000000000000284e+01 9.532788276672363281e+00
3.230000000000000426e+01 9.441912651062011719e+00
3.239999999999999858e+01 8.386854171752929688e+00
3.250000000000000000e+01 7.683481693267822266e+00
3.260000000000000142e+01 6.317629814147949219e+00
3.270000000000000284e+01 4.597366333007812500e+00
3.280000000000000426e+01 2.897095203399658203e+00
3.289999999999999858e+01 6.400326728820800781e+00
3.300000000000000000e+01 1.254892921447753906e+01
3.310000000000000142e+01 6.664772987365722656e+00
3.320000000000000284e+01 -3.107925057411193848e-01
3.330000000000000426e+01 -1.145025044679641724e-01
3.339999999999999858e+01 -8.451374620199203491e-02
3.350000000000000000e+01 -9.087499976158142090e-02
3.360000000000000142e+01 -8.087874948978424072e-02
3.370000000000000284e+01 -9.178374707698822021e-02
3.380000000000000426e+01 -9.269250184297561646e-02
3.389999999999999858e+01 -8.724000304937362671e-02
3.400000000000000000e+01 -8.996625244617462158e-02
3.410000000000000142e+01 -8.451374620199203491e-02
3.420000000000000284e+01 -7.906125485897064209e-02
3.430000000000000426e+01 -8.542250096797943115e-02
3.439999999999999858e+01 -7.542625069618225098e-02
3.450000000000000000e+01 -8.451374620199203491e-02
3.460000000000000142e+01 -7.633499801158905029e-02
0.000000000000000000e+00 0.000000000000000000e+00
0.000000000000000000e+00 0.000000000000000000e+00
0.000000000000000000e+00 0.000000000000000000e+00
0.000000000000000000e+00 0.000000000000000000e+00
0.000000000000000000e+00 0.000000000000000000e+00
0.000000000000000000e+00 0.000000000000000000e+00
0.000000000000000000e+00 0.000000000000000000e+00
0.000000000000000000e+00 0.000000000000000000e+00
0.000000000000000000e+00 0.000000000000000000e+00
0.000000000000000000e+00 0.000000000000000000e+00
0.000000000000000000e+00 0.000000000000000000e+00
0.000000000000000000e+00 0.000000000000000000e+00
0.000000000000000000e+00 0.000000000000000000e+00
0.000000000000000000e+00 0.000000000000000000e+00
0.000000000000000000e+00 0.000000000000000000e+00
0.000000000000000000e+00 0.000000000000000000e+00
0.000000000000000000e+00 0.000000000000000000e+00
0.000000000000000000e+00 0.000000000000000000e+00
0.000000000000000000e+00 0.000000000000000000e+00
0.000000000000000000e+00 0.000000000000000000e+00
0.000000000000000000e+00 0.000000000000000000e+00
0.000000000000000000e+00 0.000000000000000000e+00
0.000000000000000000e+00 0.000000000000000000e+00
0.000000000000000000e+00 0.000000000000000000e+00
0.000000000000000000e+00 0.000000000000000000e+00
0.000000000000000000e+00 0.000000000000000000e+00
0.000000000000000000e+00 0.000000000000000000e+00
0.000000000000000000e+00 0.000000000000000000e+00
0.000000000000000000e+00 0.000000000000000000e+00
0.000000000000000000e+00 0.000000000000000000e+00
0.000000000000000000e+00 0.000000000000000000e+00
0.000000000000000000e+00 0.000000000000000000e+00
0.000000000000000000e+00 0.000000000000000000e+00
0.000000000000000000e+00 0.000000000000000000e+00
0.000000000000000000e+00 0.000000000000000000e+00
0.000000000000000000e+00 0.000000000000000000e+00
0.000000000000000000e+00 0.000000000000000000e+00
0.000000000000000000e+00 0.000000000000000000e+00
0.000000000000000000e+00 0.000000000000000000e+00
0.000000000000000000e+00 0.000000000000000000e+00
0.000000000000000000e+00 0.000000000000000000e+00
0.000000000000000000e+00 0.000000000000000000e+00
0.000000000000000000e+00 0.000000000000000000e+00
0.000000000000000000e+00 0.000000000000000000e+00
0.000000000000000000e+00 0.000000000000000000e+00
0.000000000000000000e+00 0.000000000000000000e+00
0.000000000000000000e+00 0.000000000000000000e+00
0.000000000000000000e+00 0.000000000000000000e+00
0.000000000000000000e+00 0.000000000000000000e+00
0.000000000000000000e+00 0.000000000000000000e+00
0.000000000000000000e+00 0.000000000000000000e+00
0.000000000000000000e+00 0.000000000000000000e+00
0.000000000000000000e+00 0.000000000000000000e+00
0.000000000000000000e+00 0.000000000000000000e+00
0.000000000000000000e+00 0.000000000000000000e+00
0.000000000000000000e+00 0.000000000000000000e+00
0.000000000000000000e+00 0.000000000000000000e+00
0.000000000000000000e+00 0.000000000000000000e+00
0.000000000000000000e+00 0.000000000000000000e+00
0.000000000000000000e+00 0.000000000000000000e+00
0.000000000000000000e+00 0.000000000000000000e+00
0.000000000000000000e+00 0.000000000000000000e+00
0.000000000000000000e+00 0.000000000000000000e+00
0.000000000000000000e+00 0.000000000000000000e+00
0.000000000000000000e+00 0.000000000000000000e+00
0.000000000000000000e+00 0.000000000000000000e+00
0.000000000000000000e+00 0.000000000000000000e+00
0.000000000000000000e+00 0.000000000000000000e+00
0.000000000000000000e+00 0.000000000000000000e+00
0.000000000000000000e+00 0.000000000000000000e+00
0.000000000000000000e+00 0.000000000000000000e+00
0.000000000000000000e+00 0.000000000000000000e+00
0.000000000000000000e+00 0.000000000000000000e+00
0.000000000000000000e+00 0.000000000000000000e+00
0.000000000000000000e+00 0.000000000000000000e+00
0.000000000000000000e+00 0.000000000000000000e+00
0.000000000000000000e+00 0.000000000000000000e+00
0.000000000000000000e+00 0.000000000000000000e+00
0.000000000000000000e+00 0.000000000000000000e+00
0.000000000000000000e+00 0.000000000000000000e+00
0.000000000000000000e+00 0.000000000000000000e+00
0.000000000000000000e+00 0.000000000000000000e+00
0.000000000000000000e+00 0.000000000000000000e+00
0.000000000000000000e+00 0.000000000000000000e+00
0.000000000000000000e+00 0.000000000000000000e+00
0.000000000000000000e+00 0.000000000000000000e+00
0.000000000000000000e+00 0.000000000000000000e+00
0.000000000000000000e+00 0.000000000000000000e+00
0.000000000000000000e+00 0.000000000000000000e+00
0.000000000000000000e+00 0.000000000000000000e+00
0.000000000000000000e+00 0.000000000000000000e+00
0.000000000000000000e+00 0.000000000000000000e+00
0.000000000000000000e+00 0.000000000000000000e+00
0.000000000000000000e+00 0.000000000000000000e+00
0.000000000000000000e+00 0.000000000000000000e+00
0.000000000000000000e+00 0.000000000000000000e+00
0.000000000000000000e+00 0.000000000000000000e+00
0.000000000000000000e+00 0.000000000000000000e+00
0.000000000000000000e+00 0.000000000000000000e+00
0.000000000000000000e+00 0.000000000000000000e+00
0.000000000000000000e+00 0.000000000000000000e+00
0.000000000000000000e+00 0.000000000000000000e+00
0.000000000000000000e+00 0.000000000000000000e+00
0.000000000000000000e+00 0.000000000000000000e+00
0.000000000000000000e+00 0.000000000000000000e+00
0.000000000000000000e+00 0.000000000000000000e+00
0.000000000000000000e+00 0.000000000000000000e+00
0.000000000000000000e+00 0.000000000000000000e+00
0.000000000000000000e+00 0.000000000000000000e+00
0.000000000000000000e+00 0.000000000000000000e+00
0.000000000000000000e+00 0.000000000000000000e+00
0.000000000000000000e+00 0.000000000000000000e+00
0.000000000000000000e+00 0.000000000000000000e+00
0.000000000000000000e+00 0.000000000000000000e+00
0.000000000000000000e+00 0.000000000000000000e+00
0.000000000000000000e+00 0.000000000000000000e+00
0.000000000000000000e+00 0.000000000000000000e+00
0.000000000000000000e+00 0.000000000000000000e+00
0.000000000000000000e+00 0.000000000000000000e+00
0.000000000000000000e+00 0.000000000000000000e+00
0.000000000000000000e+00 0.000000000000000000e+00
0.000000000000000000e+00 0.000000000000000000e+00
0.000000000000000000e+00 0.000000000000000000e+00
0.000000000000000000e+00 0.000000000000000000e+00
0.000000000000000000e+00 0.000000000000000000e+00
0.000000000000000000e+00 0.000000000000000000e+00
0.000000000000000000e+00 0.000000000000000000e+00
0.000000000000000000e+00 0.000000000000000000e+00
0.000000000000000000e+00 0.000000000000000000e+00
0.000000000000000000e+00 0.000000000000000000e+00
0.000000000000000000e+00 0.000000000000000000e+00
0.000000000000000000e+00 0.000000000000000000e+00
0.000000000000000000e+00 0.000000000000000000e+00
0.000000000000000000e+00 0.000000000000000000e+00
0.000000000000000000e+00 0.000000000000000000e+00
0.000000000000000000e+00 0.000000000000000000e+00
0.000000000000000000e+00 0.000000000000000000e+00
0.000000000000000000e+00 0.000000000000000000e+00
0.000000000000000000e+00 0.000000000000000000e+00
0.000000000000000000e+00 0.000000000000000000e+00
0.000000000000000000e+00 0.000000000000000000e+00
0.000000000000000000e+00 0.000000000000000000e+00
0.000000000000000000e+00 0.000000000000000000e+00
0.000000000000000000e+00 0.000000000000000000e+00
0.000000000000000000e+00 0.000000000000000000e+00
0.000000000000000000e+00 0.000000000000000000e+00
0.000000000000000000e+00 0.000000000000000000e+00
0.000000000000000000e+00 0.000000000000000000e+00
0.000000000000000000e+00 0.000000000000000000e+00
0.000000000000000000e+00 0.000000000000000000e+00
0.000000000000000000e+00 0.000000000000000000e+00
0.000000000000000000e+00 0.000000000000000000e+00
0.000000000000000000e+00 0.000000000000000000e+00
0.000000000000000000e+00 0.000000000000000000e+00
0.000000000000000000e+00 0.000000000000000000e+00
0.000000000000000000e+00 0.000000000000000000e+00
0.000000000000000000e+00 0.000000000000000000e+00
0.000000000000000000e+00 0.000000000000000000e+00
0.000000000000000000e+00 0.000000000000000000e+00
0.000000000000000000e+00 0.000000000000000000e+00
0.000000000000000000e+00 0.000000000000000000e+00
0.000000000000000000e+00 0.000000000000000000e+00
0.000000000000000000e+00 0.000000000000000000e+00
0.000000000000000000e+00 0.000000000000000000e+00
0.000000000000000000e+00 0.000000000000000000e+00
0.000000000000000000e+00 0.000000000000000000e+00
0.000000000000000000e+00 0.000000000000000000e+00
0.000000000000000000e+00 0.000000000000000000e+00
0.000000000000000000e+00 0.000000000000000000e+00
0.000000000000000000e+00 0.000000000000000000e+00
0.000000000000000000e+00 0.000000000000000000e+00
0.000000000000000000e+00 0.000000000000000000e+00
0.000000000000000000e+00 0.000000000000000000e+00
0.000000000000000000e+00 0.000000000000000000e+00
0.000000000000000000e+00 0.000000000000000000e+00
0.000000000000000000e+00 0.000000000000000000e+00
0.000000000000000000e+00 0.000000000000000000e+00
0.000000000000000000e+00 0.000000000000000000e+00
0.000000000000000000e+00 0.000000000000000000e+00
0.000000000000000000e+00 0.000000000000000000e+00
0.000000000000000000e+00 0.000000000000000000e+00
0.000000000000000000e+00 0.000000000000000000e+00
0.000000000000000000e+00 0.000000000000000000e+00
0.000000000000000000e+00 0.000000000000000000e+00
0.000000000000000000e+00 0.000000000000000000e+00
0.000000000000000000e+00 0.000000000000000000e+00
0.000000000000000000e+00 0.000000000000000000e+00
0.000000000000000000e+00 0.000000000000000000e+00
0.000000000000000000e+00 0.000000000000000000e+00
0.000000000000000000e+00 0.000000000000000000e+00
0.000000000000000000e+00 0.000000000000000000e+00
0.000000000000000000e+00 0.000000000000000000e+00
0.000000000000000000e+00 0.000000000000000000e+00
0.000000000000000000e+00 0.000000000000000000e+00
0.000000000000000000e+00 0.000000000000000000e+00
0.000000000000000000e+00 0.000000000000000000e+00
0.000000000000000000e+00 0.000000000000000000e+00
0.000000000000000000e+00 0.000000000000000000e+00
0.000000000000000000e+00 0.000000000000000000e+00
0.000000000000000000e+00 0.000000000000000000e+00
0.000000000000000000e+00 0.000000000000000000e+00
0.000000000000000000e+00 0.000000000000000000e+00
0.000000000000000000e+00 0.000000000000000000e+00
0.000000000000000000e+00 0.000000000000000000e+00
0.000000000000000000e+00 0.000000000000000000e+00
0.000000000000000000e+00 0.000000000000000000e+00
0.000000000000000000e+00 0.000000000000000000e+00
0.000000000000000000e+00 0.000000000000000000e+00
0.000000000000000000e+00 0.000000000000000000e+00
0.000000000000000000e+00 0.000000000000000000e+00
0.000000000000000000e+00 0.000000000000000000e+00
0.000000000000000000e+00 0.000000000000000000e+00
0.000000000000000000e+00 0.000000000000000000e+00
0.000000000000000000e+00 0.000000000000000000e+00
0.000000000000000000e+00 0.000000000000000000e+00
0.000000000000000000e+00 0.000000000000000000e+00
0.000000000000000000e+00 0.000000000000000000e+00
0.000000000000000000e+00 0.000000000000000000e+00
0.000000000000000000e+00 0.000000000000000000e+00
0.000000000000000000e+00 0.000000000000000000e+00
0.000000000000000000e+00 0.000000000000000000e+00
0.000000000000000000e+00 0.000000000000000000e+00
0.000000000000000000e+00 0.000000000000000000e+00
0.000000000000000000e+00 0.000000000000000000e+00
0.000000000000000000e+00 0.000000000000000000e+00
0.000000000000000000e+00 0.000000000000000000e+00
0.000000000000000000e+00 0.000000000000000000e+00
0.000000000000000000e+00 0.000000000000000000e+00
0.000000000000000000e+00 0.000000000000000000e+00
0.000000000000000000e+00 0.000000000000000000e+00
0.000000000000000000e+00 0.000000000000000000e+00
0.000000000000000000e+00 0.000000000000000000e+00
0.000000000000000000e+00 0.000000000000000000e+00
0.000000000000000000e+00 0.000000000000000000e+00
0.000000000000000000e+00 0.000000000000000000e+00
0.000000000000000000e+00 0.000000000000000000e+00
0.000000000000000000e+00 0.000000000000000000e+00
0.000000000000000000e+00 0.000000000000000000e+00
0.000000000000000000e+00 0.000000000000000000e+00
0.000000000000000000e+00 0.000000000000000000e+00
0.000000000000000000e+00 0.000000000000000000e+00
0.000000000000000000e+00 0.000000000000000000e+00
0.000000000000000000e+00 0.000000000000000000e+00
0.000000000000000000e+00 0.000000000000000000e+00
0.000000000000000000e+00 0.000000000000000000e+00
0.000000000000000000e+00 0.000000000000000000e+00
0.000000000000000000e+00 0.000000000000000000e+00
0.000000000000000000e+00 0.000000000000000000e+00
0.000000000000000000e+00 0.000000000000000000e+00
0.000000000000000000e+00 0.000000000000000000e+00
0.000000000000000000e+00 0.000000000000000000e+00
0.000000000000000000e+00 0.000000000000000000e+00
0.000000000000000000e+00 0.000000000000000000e+00
0.000000000000000000e+00 0.000000000000000000e+00
0.000000000000000000e+00 0.000000000000000000e+00
0.000000000000000000e+00 0.000000000000000000e+00
0.000000000000000000e+00 0.000000000000000000e+00
0.000000000000000000e+00 0.000000000000000000e+00
0.000000000000000000e+00 0.000000000000000000e+00
0.000000000000000000e+00 0.000000000000000000e+00
0.000000000000000000e+00 0.000000000000000000e+00
0.000000000000000000e+00 0.000000000000000000e+00
0.000000000000000000e+00 0.000000000000000000e+00
0.000000000000000000e+00 0.000000000000000000e+00
0.000000000000000000e+00 0.000000000000000000e+00
0.000000000000000000e+00 0.000000000000000000e+00
0.000000000000000000e+00 0.000000000000000000e+00
0.000000000000000000e+00 0.000000000000000000e+00
0.000000000000000000e+00 0.000000000000000000e+00
0.000000000000000000e+00 0.000000000000000000e+00
0.000000000000000000e+00 0.000000000000000000e+00
0.000000000000000000e+00 0.000000000000000000e+00
0.000000000000000000e+00 0.000000000000000000e+00
0.000000000000000000e+00 0.000000000000000000e+00
0.000000000000000000e+00 0.000000000000000000e+00
0.000000000000000000e+00 0.000000000000000000e+00
0.000000000000000000e+00 0.000000000000000000e+00
0.000000000000000000e+00 0.000000000000000000e+00
0.000000000000000000e+00 0.000000000000000000e+00
0.000000000000000000e+00 0.000000000000000000e+00
0.000000000000000000e+00 0.000000000000000000e+00
0.000000000000000000e+00 0.000000000000000000e+00
0.000000000000000000e+00 0.000000000000000000e+00
0.000000000000000000e+00 0.000000000000000000e+00
0.000000000000000000e+00 0.000000000000000000e+00
0.000000000000000000e+00 0.000000000000000000e+00
0.000000000000000000e+00 0.000000000000000000e+00
0.000000000000000000e+00 0.000000000000000000e+00
0.000000000000000000e+00 0.000000000000000000e+00
0.000000000000000000e+00 0.000000000000000000e+00
0.000000000000000000e+00 0.000000000000000000e+00
0.000000000000000000e+00 0.000000000000000000e+00
0.000000000000000000e+00 0.000000000000000000e+00
0.000000000000000000e+00 0.000000000000000000e+00
0.000000000000000000e+00 0.000000000000000000e+00
0.000000000000000000e+00 0.000000000000000000e+00
0.000000000000000000e+00 0.000000000000000000e+00
0.000000000000000000e+00 0.000000000000000000e+00
0.000000000000000000e+00 0.000000000000000000e+00
0.000000000000000000e+00 0.000000000000000000e+00
0.000000000000000000e+00 0.000000000000000000e+00
0.000000000000000000e+00 0.000000000000000000e+00
0.000000000000000000e+00 0.000000000000000000e+00
0.000000000000000000e+00 0.000000000000000000e+00
0.000000000000000000e+00 0.000000000000000000e+00
0.000000000000000000e+00 0.000000000000000000e+00
0.000000000000000000e+00 0.000000000000000000e+00
0.000000000000000000e+00 0.000000000000000000e+00
0.000000000000000000e+00 0.000000000000000000e+00
0.000000000000000000e+00 0.000000000000000000e+00
0.000000000000000000e+00 0.000000000000000000e+00
0.000000000000000000e+00 0.000000000000000000e+00
0.000000000000000000e+00 0.000000000000000000e+00
0.000000000000000000e+00 0.000000000000000000e+00
0.000000000000000000e+00 0.000000000000000000e+00
0.000000000000000000e+00 0.000000000000000000e+00
0.000000000000000000e+00 0.000000000000000000e+00
0.000000000000000000e+00 0.000000000000000000e+00
0.000000000000000000e+00 0.000000000000000000e+00
0.000000000000000000e+00 0.000000000000000000e+00
0.000000000000000000e+00 0.000000000000000000e+00
0.000000000000000000e+00 0.000000000000000000e+00
0.000000000000000000e+00 0.000000000000000000e+00
0.000000000000000000e+00 0.000000000000000000e+00
0.000000000000000000e+00 0.000000000000000000e+00
0.000000000000000000e+00 0.000000000000000000e+00
0.000000000000000000e+00 0.000000000000000000e+00
0.000000000000000000e+00 0.000000000000000000e+00
0.000000000000000000e+00 0.000000000000000000e+00
0.000000000000000000e+00 0.000000000000000000e+00
0.000000000000000000e+00 0.000000000000000000e+00
0.000000000000000000e+00 0.000000000000000000e+00
0.000000000000000000e+00 0.000000000000000000e+00
0.000000000000000000e+00 0.000000000000000000e+00
0.000000000000000000e+00 0.000000000000000000e+00
0.000000000000000000e+00 0.000000000000000000e+00
0.000000000000000000e+00 0.000000000000000000e+00
0.000000000000000000e+00 0.000000000000000000e+00
0.000000000000000000e+00 0.000000000000000000e+00
0.000000000000000000e+00 0.000000000000000000e+00
0.000000000000000000e+00 0.000000000000000000e+00
0.000000000000000000e+00 0.000000000000000000e+00
0.000000000000000000e+00 0.000000000000000000e+00
0.000000000000000000e+00 0.000000000000000000e+00
0.000000000000000000e+00 0.000000000000000000e+00
0.000000000000000000e+00 0.000000000000000000e+00
0.000000000000000000e+00 0.000000000000000000e+00
0.000000000000000000e+00 0.000000000000000000e+00
0.000000000000000000e+00 0.000000000000000000e+00
0.000000000000000000e+00 0.000000000000000000e+00
0.000000000000000000e+00 0.000000000000000000e+00
0.000000000000000000e+00 0.000000000000000000e+00
0.000000000000000000e+00 0.000000000000000000e+00
0.000000000000000000e+00 0.000000000000000000e+00
0.000000000000000000e+00 0.000000000000000000e+00
0.000000000000000000e+00 0.000000000000000000e+00
0.000000000000000000e+00 0.000000000000000000e+00
0.000000000000000000e+00 0.000000000000000000e+00
0.000000000000000000e+00 0.000000000000000000e+00
0.000000000000000000e+00 0.000000000000000000e+00
0.000000000000000000e+00 0.000000000000000000e+00
0.000000000000000000e+00 0.000000000000000000e+00
0.000000000000000000e+00 0.000000000000000000e+00
0.000000000000000000e+00 0.000000000000000000e+00
0.000000000000000000e+00 0.000000000000000000e+00
0.000000000000000000e+00 0.000000000000000000e+00
0.000000000000000000e+00 0.000000000000000000e+00
0.000000000000000000e+00 0.000000000000000000e+00
0.000000000000000000e+00 0.000000000000000000e+00
0.000000000000000000e+00 0.000000000000000000e+00
0.000000000000000000e+00 0.000000000000000000e+00
0.000000000000000000e+00 0.000000000000000000e+00
0.000000000000000000e+00 0.000000000000000000e+00
0.000000000000000000e+00 0.000000000000000000e+00
0.000000000000000000e+00 0.000000000000000000e+00
0.000000000000000000e+00 0.000000000000000000e+00
0.000000000000000000e+00 0.000000000000000000e+00
0.000000000000000000e+00 0.000000000000000000e+00
0.000000000000000000e+00 0.000000000000000000e+00
0.000000000000000000e+00 0.000000000000000000e+00
0.000000000000000000e+00 0.000000000000000000e+00
0.000000000000000000e+00 0.000000000000000000e+00
0.000000000000000000e+00 0.000000000000000000e+00
0.000000000000000000e+00 0.000000000000000000e+00
0.000000000000000000e+00 0.000000000000000000e+00
0.000000000000000000e+00 0.000000000000000000e+00
0.000000000000000000e+00 0.000000000000000000e+00
0.000000000000000000e+00 0.000000000000000000e+00
0.000000000000000000e+00 0.000000000000000000e+00
0.000000000000000000e+00 0.000000000000000000e+00
0.000000000000000000e+00 0.000000000000000000e+00
0.000000000000000000e+00 0.000000000000000000e+00
0.000000000000000000e+00 0.000000000000000000e+00
0.000000000000000000e+00 0.000000000000000000e+00
0.000000000000000000e+00 0.000000000000000000e+00
0.000000000000000000e+00 0.000000000000000000e+00
0.000000000000000000e+00 0.000000000000000000e+00
0.000000000000000000e+00 0.000000000000000000e+00
0.000000000000000000e+00 0.000000000000000000e+00
0.000000000000000000e+00 0.000000000000000000e+00
0.000000000000000000e+00 0.000000000000000000e+00
0.000000000000000000e+00 0.000000000000000000e+00
0.000000000000000000e+00 0.000000000000000000e+00
0.000000000000000000e+00 0.000000000000000000e+00
0.000000000000000000e+00 0.000000000000000000e+00
0.000000000000000000e+00 0.000000000000000000e+00
0.000000000000000000e+00 0.000000000000000000e+00
0.000000000000000000e+00 0.000000000000000000e+00
0.000000000000000000e+00 0.000000000000000000e+00
0.000000000000000000e+00 0.000000000000000000e+00
0.000000000000000000e+00 0.000000000000000000e+00
0.000000000000000000e+00 0.000000000000000000e+00
0.000000000000000000e+00 0.000000000000000000e+00
0.000000000000000000e+00 0.000000000000000000e+00
0.000000000000000000e+00 0.000000000000000000e+00
0.000000000000000000e+00 0.000000000000000000e+00
0.000000000000000000e+00 0.000000000000000000e+00
0.000000000000000000e+00 0.000000000000000000e+00
0.000000000000000000e+00 0.000000000000000000e+00
0.000000000000000000e+00 0.000000000000000000e+00
0.000000000000000000e+00 0.000000000000000000e+00
0.000000000000000000e+00 0.000000000000000000e+00
0.000000000000000000e+00 0.000000000000000000e+00
0.000000000000000000e+00 0.000000000000000000e+00
0.000000000000000000e+00 0.000000000000000000e+00
0.000000000000000000e+00 0.000000000000000000e+00
0.000000000000000000e+00 0.000000000000000000e+00
0.000000000000000000e+00 0.000000000000000000e+00
0.000000000000000000e+00 0.000000000000000000e+00
0.000000000000000000e+00 0.000000000000000000e+00
0.000000000000000000e+00 0.000000000000000000e+00
0.000000000000000000e+00 0.000000000000000000e+00
0.000000000000000000e+00 0.000000000000000000e+00
0.000000000000000000e+00 0.000000000000000000e+00
0.000000000000000000e+00 0.000000000000000000e+00
0.000000000000000000e+00 0.000000000000000000e+00
0.000000000000000000e+00 0.000000000000000000e+00
0.000000000000000000e+00 0.000000000000000000e+00
0.000000000000000000e+00 0.000000000000000000e+00
0.000000000000000000e+00 0.000000000000000000e+00
0.000000000000000000e+00 0.000000000000000000e+00
0.000000000000000000e+00 0.000000000000000000e+00
0.000000000000000000e+00 0.000000000000000000e+00
0.000000000000000000e+00 0.000000000000000000e+00
0.000000000000000000e+00 0.000000000000000000e+00
0.000000000000000000e+00 0.000000000000000000e+00
0.000000000000000000e+00 0.000000000000000000e+00
0.000000000000000000e+00 0.000000000000000000e+00
0.000000000000000000e+00 0.000000000000000000e+00
0.000000000000000000e+00 0.000000000000000000e+00
0.000000000000000000e+00 0.000000000000000000e+00
0.000000000000000000e+00 0.000000000000000000e+00
0.000000000000000000e+00 0.000000000000000000e+00
0.000000000000000000e+00 0.000000000000000000e+00
0.000000000000000000e+00 0.000000000000000000e+00
0.000000000000000000e+00 0.000000000000000000e+00
0.000000000000000000e+00 0.000000000000000000e+00
0.000000000000000000e+00 0.000000000000000000e+00
0.000000000000000000e+00 0.000000000000000000e+00
0.000000000000000000e+00 0.000000000000000000e+00
0.000000000000000000e+00 0.000000000000000000e+00
0.000000000000000000e+00 0.000000000000000000e+00
0.000000000000000000e+00 0.000000000000000000e+00
0.000000000000000000e+00 0.000000000000000000e+00
0.000000000000000000e+00 0.000000000000000000e+00
0.000000000000000000e+00 0.000000000000000000e+00
0.000000000000000000e+00 0.000000000000000000e+00
0.000000000000000000e+00 0.000000000000000000e+00
0.000000000000000000e+00 0.000000000000000000e+00
0.000000000000000000e+00 0.000000000000000000e+00
0.000000000000000000e+00 0.000000000000000000e+00
0.000000000000000000e+00 0.000000000000000000e+00
0.000000000000000000e+00 0.000000000000000000e+00
0.000000000000000000e+00 0.000000000000000000e+00
0.000000000000000000e+00 0.000000000000000000e+00
0.000000000000000000e+00 0.000000000000000000e+00
0.000000000000000000e+00 0.000000000000000000e+00
0.000000000000000000e+00 0.000000000000000000e+00
0.000000000000000000e+00 0.000000000000000000e+00
0.000000000000000000e+00 0.000000000000000000e+00
0.000000000000000000e+00 0.000000000000000000e+00
0.000000000000000000e+00 0.000000000000000000e+00
0.000000000000000000e+00 0.000000000000000000e+00
0.000000000000000000e+00 0.000000000000000000e+00
0.000000000000000000e+00 0.000000000000000000e+00
0.000000000000000000e+00 0.000000000000000000e+00
0.000000000000000000e+00 0.000000000000000000e+00
0.000000000000000000e+00 0.000000000000000000e+00
0.000000000000000000e+00 0.000000000000000000e+00
0.000000000000000000e+00 0.000000000000000000e+00
0.000000000000000000e+00 0.000000000000000000e+00
0.000000000000000000e+00 0.000000000000000000e+00
0.000000000000000000e+00 0.000000000000000000e+00
0.000000000000000000e+00 0.000000000000000000e+00
0.000000000000000000e+00 0.000000000000000000e+00
0.000000000000000000e+00 0.000000000000000000e+00
0.000000000000000000e+00 0.000000000000000000e+00
0.000000000000000000e+00 0.000000000000000000e+00
0.000000000000000000e+00 0.000000000000000000e+00
0.000000000000000000e+00 0.000000000000000000e+00
0.000000000000000000e+00 0.000000000000000000e+00
0.000000000000000000e+00 0.000000000000000000e+00
0.000000000000000000e+00 0.000000000000000000e+00
0.000000000000000000e+00 0.000000000000000000e+00
0.000000000000000000e+00 0.000000000000000000e+00
0.000000000000000000e+00 0.000000000000000000e+00
0.000000000000000000e+00 0.000000000000000000e+00
0.000000000000000000e+00 0.000000000000000000e+00
0.000000000000000000e+00 0.000000000000000000e+00
0.000000000000000000e+00 0.000000000000000000e+00
0.000000000000000000e+00 0.000000000000000000e+00
0.000000000000000000e+00 0.000000000000000000e+00
0.000000000000000000e+00 0.000000000000000000e+00
0.000000000000000000e+00 0.000000000000000000e+00
0.000000000000000000e+00 0.000000000000000000e+00
0.000000000000000000e+00 0.000000000000000000e+00
0.000000000000000000e+00 0.000000000000000000e+00
0.000000000000000000e+00 0.000000000000000000e+00
0.000000000000000000e+00 0.000000000000000000e+00
0.000000000000000000e+00 0.000000000000000000e+00
0.000000000000000000e+00 0.000000000000000000e+00
0.000000000000000000e+00 0.000000000000000000e+00
0.000000000000000000e+00 0.000000000000000000e+00
0.000000000000000000e+00 0.000000000000000000e+00
0.000000000000000000e+00 0.000000000000000000e+00
0.000000000000000000e+00 0.000000000000000000e+00
0.000000000000000000e+00 0.000000000000000000e+00
0.000000000000000000e+00 0.000000000000000000e+00
0.000000000000000000e+00 0.000000000000000000e+00
0.000000000000000000e+00 0.000000000000000000e+00
0.000000000000000000e+00 0.000000000000000000e+00
0.000000000000000000e+00 0.000000000000000000e+00
0.000000000000000000e+00 0.000000000000000000e+00
0.000000000000000000e+00 0.000000000000000000e+00
0.000000000000000000e+00 0.000000000000000000e+00
0.000000000000000000e+00 0.000000000000000000e+00
0.000000000000000000e+00 0.000000000000000000e+00
0.000000000000000000e+00 0.000000000000000000e+00
0.000000000000000000e+00 0.000000000000000000e+00
0.000000000000000000e+00 0.000000000000000000e+00
0.000000000000000000e+00 0.000000000000000000e+00
0.000000000000000000e+00 0.000000000000000000e+00
0.000000000000000000e+00 0.000000000000000000e+00
0.000000000000000000e+00 0.000000000000000000e+00
0.000000000000000000e+00 0.000000000000000000e+00
0.000000000000000000e+00 0.000000000000000000e+00
0.000000000000000000e+00 0.000000000000000000e+00
0.000000000000000000e+00 0.000000000000000000e+00
0.000000000000000000e+00 0.000000000000000000e+00
0.000000000000000000e+00 0.000000000000000000e+00
0.000000000000000000e+00 0.000000000000000000e+00
0.000000000000000000e+00 0.000000000000000000e+00
0.000000000000000000e+00 0.000000000000000000e+00
0.000000000000000000e+00 0.000000000000000000e+00
0.000000000000000000e+00 0.000000000000000000e+00
0.000000000000000000e+00 0.000000000000000000e+00
0.000000000000000000e+00 0.000000000000000000e+00
0.000000000000000000e+00 0.000000000000000000e+00
0.000000000000000000e+00 0.000000000000000000e+00
0.000000000000000000e+00 0.000000000000000000e+00
0.000000000000000000e+00 0.000000000000000000e+00
0.000000000000000000e+00 0.000000000000000000e+00
0.000000000000000000e+00 0.000000000000000000e+00
0.000000000000000000e+00 0.000000000000000000e+00
0.000000000000000000e+00 0.000000000000000000e+00
0.000000000000000000e+00 0.000000000000000000e+00
0.000000000000000000e+00 0.000000000000000000e+00
0.000000000000000000e+00 0.000000000000000000e+00
0.000000000000000000e+00 0.000000000000000000e+00
0.000000000000000000e+00 0.000000000000000000e+00
0.000000000000000000e+00 0.000000000000000000e+00
0.000000000000000000e+00 0.000000000000000000e+00
0.000000000000000000e+00 0.000000000000000000e+00
0.000000000000000000e+00 0.000000000000000000e+00
0.000000000000000000e+00 0.000000000000000000e+00
0.000000000000000000e+00 0.000000000000000000e+00
0.000000000000000000e+00 0.000000000000000000e+00
0.000000000000000000e+00 0.000000000000000000e+00
0.000000000000000000e+00 0.000000000000000000e+00
0.000000000000000000e+00 0.000000000000000000e+00
0.000000000000000000e+00 0.000000000000000000e+00
0.000000000000000000e+00 0.000000000000000000e+00
0.000000000000000000e+00 0.000000000000000000e+00
0.000000000000000000e+00 0.000000000000000000e+00
0.000000000000000000e+00 0.000000000000000000e+00
0.000000000000000000e+00 0.000000000000000000e+00
0.000000000000000000e+00 0.000000000000000000e+00
0.000000000000000000e+00 0.000000000000000000e+00
0.000000000000000000e+00 0.000000000000000000e+00
0.000000000000000000e+00 0.000000000000000000e+00
0.000000000000000000e+00 0.000000000000000000e+00
0.000000000000000000e+00 0.000000000000000000e+00
0.000000000000000000e+00 0.000000000000000000e+00
0.000000000000000000e+00 0.000000000000000000e+00
0.000000000000000000e+00 0.000000000000000000e+00
0.000000000000000000e+00 0.000000000000000000e+00
0.000000000000000000e+00 0.000000000000000000e+00
0.000000000000000000e+00 0.000000000000000000e+00
0.000000000000000000e+00 0.000000000000000000e+00
0.000000000000000000e+00 0.000000000000000000e+00
0.000000000000000000e+00 0.000000000000000000e+00
0.000000000000000000e+00 0.000000000000000000e+00
0.000000000000000000e+00 0.000000000000000000e+00
0.000000000000000000e+00 0.000000000000000000e+00
0.000000000000000000e+00 0.000000000000000000e+00
0.000000000000000000e+00 0.000000000000000000e+00
0.000000000000000000e+00 0.000000000000000000e+00
0.000000000000000000e+00 0.000000000000000000e+00
0.000000000000000000e+00 0.000000000000000000e+00
0.000000000000000000e+00 0.000000000000000000e+00
0.000000000000000000e+00 0.000000000000000000e+00
0.000000000000000000e+00 0.000000000000000000e+00
0.000000000000000000e+00 0.000000000000000000e+00
0.000000000000000000e+00 0.000000000000000000e+00
0.000000000000000000e+00 0.000000000000000000e+00
0.000000000000000000e+00 0.000000000000000000e+00
0.000000000000000000e+00 0.000000000000000000e+00
0.000000000000000000e+00 0.000000000000000000e+00
0.000000000000000000e+00 0.000000000000000000e+00
0.000000000000000000e+00 0.000000000000000000e+00
0.000000000000000000e+00 0.000000000000000000e+00
0.000000000000000000e+00 0.000000000000000000e+00
0.000000000000000000e+00 0.000000000000000000e+00
0.000000000000000000e+00 0.000000000000000000e+00
0.000000000000000000e+00 0.000000000000000000e+00
0.000000000000000000e+00 0.000000000000000000e+00
0.000000000000000000e+00 0.000000000000000000e+00
0.000000000000000000e+00 0.000000000000000000e+00
0.000000000000000000e+00 0.000000000000000000e+00
0.000000000000000000e+00 0.000000000000000000e+00
0.000000000000000000e+00 0.000000000000000000e+00
0.000000000000000000e+00 0.000000000000000000e+00
0.000000000000000000e+00 0.000000000000000000e+00
0.000000000000000000e+00 0.000000000000000000e+00
0.000000000000000000e+00 0.000000000000000000e+00
0.000000000000000000e+00 0.000000000000000000e+00
0.000000000000000000e+00 0.000000000000000000e+00
0.000000000000000000e+00 0.000000000000000000e+00
0.000000000000000000e+00 0.000000000000000000e+00
0.000000000000000000e+00 0.000000000000000000e+00
0.000000000000000000e+00 0.000000000000000000e+00
0.000000000000000000e+00 0.000000000000000000e+00
0.000000000000000000e+00 0.000000000000000000e+00
0.000000000000000000e+00 0.000000000000000000e+00
0.000000000000000000e+00 0.000000000000000000e+00
0.000000000000000000e+00 0.000000000000000000e+00
0.000000000000000000e+00 0.000000000000000000e+00
0.000000000000000000e+00 0.000000000000000000e+00
0.000000000000000000e+00 0.000000000000000000e+00
0.000000000000000000e+00 0.000000000000000000e+00
0.000000000000000000e+00 0.000000000000000000e+00
0.000000000000000000e+00 0.000000000000000000e+00
0.000000000000000000e+00 0.000000000000000000e+00
