3.684342698121359660e+01 3.895824936515941062e+01 -1.567466737583977654e+01
3.727659813646022258e+01 3.929363378062156897e+01 -1.481742603960793403e+01
3.768060127935693515e+01 3.960047784260284232e+01 -1.393386005084094847e+01
3.807021766887677217e+01 3.992114909192802941e+01 -1.304943701750789131e+01
3.841596665696257418e+01 4.019088666375181162e+01 -1.213089931039471381e+01
3.875235392845372928e+01 4.046972061933109899e+01 -1.121004445255546145e+01
3.905201666011353012e+01 4.072027461962749584e+01 -1.027098136676507956e+01
3.932581326076142147e+01 4.093247934551539657e+01 -9.312518131397101939e+00
3.954574939824217239e+01 4.115017155407061722e+01 -8.343619585209582468e+00
3.968069580550123732e+01 4.135650126812618765e+01 -7.356177124840578507e+00
3.978856295573730506e+01 4.150669494384779057e+01 -6.354745131467466557e+00
3.988763653166107304e+01 4.165528215515122668e+01 -5.351796333994425225e+00
3.996490892019555474e+01 4.177246388833198409e+01 -4.344177997859535623e+00
4.002217596464584659e+01 4.185280321109807744e+01 -3.330041856157815339e+00
4.007620599713059306e+01 4.193901598862578339e+01 -2.317283140031235700e+00
4.009640377920145937e+01 4.196828032626657290e+01 -1.299839664007470974e+00
4.011289350344841154e+01 4.199193403245128309e+01 -2.814023996948985529e-01
4.011176908171348998e+01 4.199281278521118566e+01 7.357113543049174087e-01
4.008124547016695516e+01 4.194776916581041348e+01 1.753078024807282143e+00
4.005835102836060457e+01 4.191065494139414227e+01 2.770386614435341510e+00
3.999732176169025877e+01 4.182348668946840320e+01 3.782371727139619111e+00
3.992306788481894841e+01 4.171363253944134186e+01 4.792778640365591869e+00
3.985088648215084817e+01 4.160207726689029073e+01 5.801464125917153325e+00
3.973450263186563802e+01 4.143750356970368642e+01 6.799708950422769682e+00
3.962037604947384750e+01 4.126757655024557181e+01 7.797893410237459300e+00
3.945997345944066836e+01 4.105082938013810434e+01 8.779645210665107058e+00
3.921817348572620432e+01 4.084578038727983085e+01 9.748486187607454667e+00
3.890491647820365984e+01 4.061223788602573848e+01 1.068804846189907742e+01
3.856947224344393277e+01 4.034393419534750080e+01 1.161086674239131966e+01
3.824730549145078840e+01 4.007999514392303553e+01 1.253961559942827364e+01
3.787999687948014582e+01 3.978578829513098469e+01 1.344553543380135885e+01
3.746240894576756375e+01 3.946359376843845013e+01 1.432157956453838921e+01
3.704356600721489201e+01 3.915265490514325819e+01 1.518408538474332659e+01
3.659568371002878706e+01 3.880257034963108254e+01 1.603483693306036528e+01
3.560786699888857498e+01 3.870594129812913309e+01 1.625788536698952669e+01
3.451192908039924845e+01 3.854245765619153019e+01 1.663981836754176769e+01
3.364043459239434242e+01 3.852052585831633991e+01 1.668599553614239639e+01
3.307082265564542212e+01 3.885978186268015122e+01 1.590280866579893804e+01
3.253601370773338886e+01 3.918458176902040435e+01 1.510880424974206626e+01
3.204293028481799865e+01 3.948252731687232142e+01 1.426215773502748796e+01
3.155568751717814635e+01 3.979564190333522333e+01 1.342304175817867851e+01
3.111727963608392500e+01 4.006922678012335837e+01 1.254779850221026116e+01
3.072217306960898142e+01 4.033118434400407182e+01 1.164734969166324419e+01
3.051707097267947688e+01 4.060932131970736947e+01 1.068946584882152884e+01
3.034182423484302049e+01 4.086041487708240538e+01 9.719238819026079668e+00
3.018693936017456991e+01 4.106578951832017310e+01 8.733401203227314724e+00
3.004413584853923425e+01 4.128064162592604447e+01 7.748381140055303540e+00
2.992669242291183451e+01 4.144170250162723335e+01 6.750303442556250033e+00
2.982046688826546088e+01 4.159352311992473261e+01 5.748445602417030287e+00
2.973152302444983874e+01 4.172854805185696137e+01 4.744158265762352222e+00
2.966779962288277162e+01 4.181415903967723580e+01 3.731129787723897362e+00
2.960503587024726357e+01 4.191099176269442950e+01 2.719378588063153135e+00
2.957581258776347610e+01 4.195271099464413567e+01 1.703208965603076441e+00
2.955498997182636600e+01 4.198048410196398095e+01 6.848983463127684690e-01
2.954455721491014586e+01 4.199751220605416790e+01 -3.321543245243163134e-01
2.957031039085447333e+01 4.195888758100549865e+01 -1.349485572046314141e+00
2.958781644096224994e+01 4.192905474140008693e+01 -2.367503743928561999e+00
2.963831187953175927e+01 4.185634394288648252e+01 -3.380636554305090691e+00
2.970985175809562051e+01 4.175131204285145969e+01 -4.391578778790817594e+00
2.977272461736020759e+01 4.165211383260521671e+01 -5.402590514355392060e+00
2.988294773935506043e+01 4.149711371544096750e+01 -6.402381283286328717e+00
2.999578492708979738e+01 4.133089472016198584e+01 -7.401301749751976189e+00
3.011341506947591640e+01 4.115422190264661850e+01 -8.396072840215207833e+00
3.027701106899760575e+01 4.092777116371534163e+01 -9.375631660860216599e+00
3.043436340399874851e+01 4.070092557596787231e+01 -1.035602589916813265e+01
3.060124332998331909e+01 4.043199503000568029e+01 -1.132569909591382284e+01
3.090199802430431930e+01 4.015725968343484453e+01 -1.225503502809616130e+01
3.134624304101613745e+01 3.989120510824957222e+01 -1.313671463092495628e+01
3.184009727073448204e+01 3.958848675148527718e+01 -1.396733363446882237e+01
3.232874301784733717e+01 3.930826780445188717e+01 -1.477340661617160933e+01
3.279589011080302896e+01 3.895460792710908748e+01 -1.569678534130758685e+01
3.331301816766236357e+01 3.856388616512037970e+01 -1.659798687004091633e+01
3.410624783037275876e+01 3.848087610399758063e+01 -1.677391266427853367e+01
3.517262061063214418e+01 3.861720457926781336e+01 -1.646367288089892966e+01
3.621862589940189281e+01 3.868700221489992686e+01 -1.630227847147844500e+01
3.684342698121360371e+01 3.895824936515941062e+01 -1.567466737583978187e+01
