3.282102925174195462e+01 3.901546888032141425e+01 1.554484229401164441e+01
3.187907389667803670e+01 3.897134272519325293e+01 1.565024113306006370e+01
3.083972166289102645e+01 3.904894624963453253e+01 1.546526907628511616e+01
3.018052372799757066e+01 3.931604778307213621e+01 1.474811343867015978e+01
2.952797574958330884e+01 3.959576651820981397e+01 1.400853923228506837e+01
2.895572591013829467e+01 3.986015653789575452e+01 1.321262575990585653e+01
2.865590381142186871e+01 4.016477534688168305e+01 1.228155118889640285e+01
2.837763167217040206e+01 4.043179331186205872e+01 1.133760296871120055e+01
2.809426052695551945e+01 4.069337401642938801e+01 1.039458657432485822e+01
2.785922312054509575e+01 4.091914543558575446e+01 9.429571296808292757e+00
2.762354021616339850e+01 4.113941665111117629e+01 8.463670230281985951e+00
2.743586780439144235e+01 4.132290276736914336e+01 7.479261762895617949e+00
2.726597300830157167e+01 4.148764679890827267e+01 6.488798005110450795e+00
2.716519217586444768e+01 4.164149511018175076e+01 5.486735300641835344e+00
2.709283397885283051e+01 4.175723016849759262e+01 4.477179684362651457e+00
2.702844581909144495e+01 4.185593779160102201e+01 3.465688311711248470e+00
2.698340428521696310e+01 4.192681400744224618e+01 2.450256222512596338e+00
2.695547918935653442e+01 4.196998795137851346e+01 1.433348621000651413e+00
2.693732168936799098e+01 4.199858674469248143e+01 4.150375912593589067e-01
2.694312816415728662e+01 4.198892560865587598e+01 -6.033295250030681345e-01
2.695580213165709793e+01 4.196994386372747954e+01 -1.621696982156003886e+00
2.699197818680103822e+01 4.191299900644499843e+01 -2.638211727745398694e+00
2.703990631978744119e+01 4.183828099335211448e+01 -3.652642187423574605e+00
2.710416065262505469e+01 4.174038032496894601e+01 -4.664791492178816057e+00
2.718587119183071721e+01 4.160841243416886925e+01 -5.671279933120956684e+00
2.729318795089510985e+01 4.146068553521950406e+01 -6.673187009676022186e+00
2.746569412564595325e+01 4.129388249737925065e+01 -7.662699127152843737e+00
2.766787674516197271e+01 4.109982145409954768e+01 -8.642409540108797472e+00
2.789790386064381522e+01 4.087754616587939438e+01 -9.609235497867461007e+00
2.814606021649576917e+01 4.064766881548780475e+01 -1.056998705960775808e+01
2.842467474838355912e+01 4.038436294376727886e+01 -1.151429820433064677e+01
2.872813528096099844e+01 4.010797614913780507e+01 -1.244572614145731748e+01
2.904456448963804149e+01 3.980775987553388973e+01 -1.336930758945757702e+01
2.965074426642019745e+01 3.954579866123268772e+01 -1.414193174895521032e+01
3.030652161442688808e+01 3.927191279374147825e+01 -1.487318379981069505e+01
3.098329622369667291e+01 3.900206853239308202e+01 -1.557675519425423971e+01
3.197888379266275649e+01 3.898289680110661948e+01 -1.562257245867826505e+01
3.297775791887996633e+01 3.907230142758747604e+01 -1.540876265603870365e+01
3.379497803734457761e+01 3.930327112224231456e+01 -1.480105157425376561e+01
3.453388708238865945e+01 3.952601312137149847e+01 -1.418272017119398498e+01
3.506237541140264824e+01 3.981081095413563276e+01 -1.336106122998821455e+01
3.556996403007565277e+01 4.008682888586534432e+01 -1.252265387458356471e+01
3.605457025360068002e+01 4.034252501817909575e+01 -1.166360687573602561e+01
3.646550026711603465e+01 4.059334683184621895e+01 -1.076582565169687022e+01
3.677839239335838784e+01 4.082668193791570133e+01 -9.825137852036998964e+00
3.708484839432090752e+01 4.105065787597233395e+01 -8.879848225633516279e+00
3.733402775773413396e+01 4.123914773778906806e+01 -7.910717178510826564e+00
3.758184750775520655e+01 4.142291524055792706e+01 -6.939984773985429456e+00
3.777252131464464213e+01 4.156920757241988440e+01 -5.950260226949109388e+00
3.795706687820769076e+01 4.170808027714467414e+01 -4.958324262752539902e+00
3.808651315594758557e+01 4.180875005127448674e+01 -3.952678471429993845e+00
3.818958675394794255e+01 4.188818868482297830e+01 -2.942608483803446529e+00
3.826690647983941318e+01 4.195725088092496691e+01 -1.929138368839386608e+00
3.830083651113576337e+01 4.198809811460264285e+01 -9.112516242257944210e-01
3.831216583623226768e+01 4.199777026750611952e+01 1.067671536142588418e-01
3.829825597397086057e+01 4.198572997870320478e+01 1.125721662125735989e+00
3.824729287464834471e+01 4.193887599111295827e+01 2.141480882557587062e+00
3.817418275551884932e+01 4.187527729704592616e+01 3.155431234328576195e+00
3.806790923558820339e+01 4.179315258743852013e+01 4.164525986187740614e+00
3.791975662391860880e+01 4.167929002505223224e+01 5.166477991331936082e+00
3.773831624579731425e+01 4.153932005761868140e+01 6.158537985365164502e+00
3.753654836446391840e+01 4.138779264884006892e+01 7.145497833681291766e+00
3.729047415057804216e+01 4.120052373332884343e+01 8.116348417694730699e+00
3.702370996634773093e+01 4.100194403708696456e+01 9.078529136642593755e+00
3.672681991235710086e+01 4.078442435742093863e+01 1.002883535603254117e+01
3.639029951838712407e+01 4.053737064811794966e+01 1.095753258687952325e+01
3.595385555542827660e+01 4.029024681655774032e+01 1.184391258967102090e+01
3.547492345456989682e+01 4.002560475435991805e+01 1.270233899953756129e+01
3.497209459239758189e+01 3.975520762803016339e+01 1.354674916337195612e+01
3.440089985652429050e+01 3.946957197311380838e+01 1.433423462287960781e+01
3.360122050278717865e+01 3.924793031142464628e+01 1.493531010261683534e+01
3.282102925174194041e+01 3.901546888032141425e+01 1.554484229401164264e+01
