-1.501763367112223868e+01 -3.920986196369268129e+01 -1.503302896182092319e+01
-1.505136974960034557e+01 -3.884180881364697768e+01 -1.596727093632798500e+01
-1.508788695462953555e+01 -3.845020899974192474e+01 -1.689220006221499659e+01
-1.512173800093568587e+01 -3.803181841682061304e+01 -1.780505567693537117e+01
-1.516879068753331161e+01 -3.760154744193877008e+01 -1.871207476001050196e+01
-1.520369914521095112e+01 -3.713537903671845442e+01 -1.960172248167426190e+01
-1.525796193101171205e+01 -3.666314510715153574e+01 -2.048694834646863683e+01
-1.530333793677004017e+01 -3.615864456084409539e+01 -2.135505244179022100e+01
-1.535728203953163273e+01 -3.563885039996368675e+01 -2.221304366812045217e+01
-1.542017555583097455e+01 -3.510131434044225074e+01 -2.305991832808871322e+01
-1.547199263104627498e+01 -3.453430210671976397e+01 -2.388779336710406298e+01
-1.555030496654227612e+01 -3.396184617463048738e+01 -2.471002684847782049e+01
-1.561085997582305218e+01 -3.335613727999667333e+01 -2.550962822249985607e+01
-1.569206658235977514e+01 -3.274154671407544726e+01 -2.630021041624814160e+01
-1.577527933042554231e+01 -3.210564296592962563e+01 -2.707396655292156495e+01
-1.585335293906811138e+01 -3.144717428422904604e+01 -2.782864127532279497e+01
-1.596203773892724165e+01 -3.078239849970832509e+01 -2.857473226400333743e+01
-1.604997907147024705e+01 -3.008786258730337337e+01 -2.929540545045466615e+01
-1.616843366353851863e+01 -2.938745020457279011e+01 -3.000634016179503050e+01
-1.628287481328755959e+01 -2.865965935386590147e+01 -3.068923674222575926e+01
-1.641227611135062858e+01 -2.793146984859716042e+01 -3.136976331514627248e+01
-1.652030716490968487e+01 -2.717163047624061534e+01 -3.201939875846306904e+01
-1.666881127836671084e+01 -2.641006193941135649e+01 -3.265749569890468962e+01
-1.680473023095161267e+01 -2.562538464760196533e+01 -3.327052689599641866e+01
-1.696035468323373863e+01 -2.483144290186954350e+01 -3.386605257392670154e+01
-1.714779361932021473e+01 -2.403195342880133367e+01 -3.444457304297896627e+01
-1.731032280012187385e+01 -2.320730558036466107e+01 -3.499511540526613373e+01
-1.753545712754037922e+01 -2.238915720331958426e+01 -3.553317219826259077e+01
-1.775226231766366425e+01 -2.155245714565432280e+01 -3.604419787774342865e+01
-1.798819192414823220e+01 -2.070768983928016738e+01 -3.653348251079641074e+01
-1.826038649719283669e+01 -1.985941004466864257e+01 -3.699989315025501213e+01
-1.855592070229825552e+01 -1.901119917152729144e+01 -3.744908559624165889e+01
-1.886547045874867123e+01 -1.815400772744847657e+01 -3.786949268472206853e+01
-1.919846828121967519e+01 -1.729302998684379133e+01 -3.826554205532472963e+01
-1.962070040023635187e+01 -1.646193718297503139e+01 -3.864028818039939495e+01
-2.004176859852845638e+01 -1.561636897045349492e+01 -3.897924514511926475e+01
-2.051886275117916369e+01 -1.479639499482143350e+01 -3.930500872075619156e+01
-2.102828967331224064e+01 -1.398063216057283498e+01 -3.959583388103519042e+01
-2.163825024848964063e+01 -1.322767632651782499e+01 -3.985731122862239317e+01
-2.229761250364448344e+01 -1.250597749945772463e+01 -4.009253262877074775e+01
-2.299170949994627122e+01 -1.181217677108107367e+01 -4.029519981183888433e+01
-2.378779249256186290e+01 -1.122393612693533349e+01 -4.047342188772137916e+01
-2.461323355896822918e+01 -1.066764543404049981e+01 -4.061446758013728697e+01
-2.549969679196961181e+01 -1.021017347903914008e+01 -4.073126647500379249e+01
-2.643023196676039177e+01 -9.846342463032392800e+00 -4.082714587788904481e+01
-2.738007417735779114e+01 -9.526519909202244563e+00 -4.090397104009295504e+01
-2.835890180627175283e+01 -9.303570085970958914e+00 -4.095136022774355666e+01
-2.934848951732021405e+01 -9.133859900731598813e+00 -4.098742797626824341e+01
-3.034955971105449279e+01 -9.042738479428354736e+00 -4.100679590550581821e+01
-3.135208381237040598e+01 -8.987607862671152859e+00 -4.101851442618443144e+01
-3.235774404358588896e+01 -8.991650059655118099e+00 -4.101765487500801299e+01
-3.336085405664373127e+01 -9.031355974741426706e+00 -4.100921765161871946e+01
-3.436353985433002833e+01 -9.104884866081036421e+00 -4.099358312933986070e+01
-3.536127406432105147e+01 -9.216554627170573610e+00 -4.096990229858935351e+01
-3.635808764537539162e+01 -9.344164340646413436e+00 -4.094272302370717398e+01
-3.734846961776942464e+01 -9.508956363693217284e+00 -4.090888803451679223e+01
-3.833568582316642903e+01 -9.692529764456706332e+00 -4.086418510878943522e+01
-3.931984879338683925e+01 -9.891486042807283496e+00 -4.081311524295762894e+01
-4.029609700683629114e+01 -1.011966711347583292e+01 -4.075450804636658830e+01
-4.126891952367159888e+01 -1.036464260690042494e+01 -4.069159085563659772e+01
-4.223634093327895300e+01 -1.062487929019678212e+01 -4.062485152341706396e+01
-4.319073107704525682e+01 -1.093101418339971254e+01 -4.054622141128420765e+01
-4.414258656124300728e+01 -1.124047312962981415e+01 -4.046723656703481709e+01
-4.507835983031373672e+01 -1.159592359013586282e+01 -4.036338127941547071e+01
-4.597461468853802558e+01 -1.202552765836924564e+01 -4.023168318807048394e+01
-4.686164553348263695e+01 -1.248044719395617008e+01 -4.009465971947053475e+01
-4.771525628944340269e+01 -1.298383510821378906e+01 -3.994276639097002857e+01
-4.852605722366348573e+01 -1.354930547074006419e+01 -3.974903998674245997e+01
-4.928145370226374666e+01 -1.417082648269825640e+01 -3.952998708991353283e+01
-4.996593481482139509e+01 -1.486516928186637898e+01 -3.928098998468887970e+01
-5.061901262964541814e+01 -1.557485543738672895e+01 -3.899628019393235689e+01
-5.118469170339973573e+01 -1.634490377010019913e+01 -3.868873939425290587e+01
-5.166496178023923136e+01 -1.715171617624751477e+01 -3.833009989964260456e+01
-5.216729890357240151e+01 -1.794518548655955570e+01 -3.797299474327185465e+01
-5.260202806059863434e+01 -1.875592669014316982e+01 -3.756871809344359292e+01
-5.295877561641380993e+01 -1.959463716413424450e+01 -3.714619296258658920e+01
-5.328188323139892901e+01 -2.043088851552073493e+01 -3.669125989959813694e+01
-5.358688634519333505e+01 -2.126158222134252540e+01 -3.621749816569821689e+01
-5.385022833172204315e+01 -2.209054000229091486e+01 -3.571373138376232959e+01
-5.412417704138209018e+01 -2.290871184631653890e+01 -3.520057345335507648e+01
-5.434531099356685502e+01 -2.372245389927257975e+01 -3.465259828072225901e+01
-5.457368518008313174e+01 -2.452114635390442388e+01 -3.408768909665580793e+01
-5.475798231738470179e+01 -2.532197889260662649e+01 -3.350917912604098348e+01
-5.490983303127615045e+01 -2.610411487074575021e+01 -3.289676341103042034e+01
-5.507268777364890155e+01 -2.687498939836789447e+01 -3.227363086570897366e+01
-5.520836266730904640e+01 -2.763060575927841001e+01 -3.162508486468122726e+01
-5.534516092540391696e+01 -2.837240319224059704e+01 -3.096207185711963206e+01
-5.547006158110645657e+01 -2.909993690607878492e+01 -3.028005363863414701e+01
-5.558254828873710096e+01 -2.980964636368657850e+01 -2.957840142810287887e+01
-5.569937070175623006e+01 -3.050745763385270948e+01 -2.886464712347006767e+01
-5.579037340108499166e+01 -3.118237358334167908e+01 -2.812607365515725633e+01
-5.589869432002807770e+01 -3.184828339472247194e+01 -2.738129941670176493e+01
-5.597318846997053043e+01 -3.248677094130407284e+01 -2.660871387896953522e+01
-5.607021762290067812e+01 -3.311770184789374838e+01 -2.583278580826975812e+01
-5.613478355559660571e+01 -3.371948605899201823e+01 -2.503008899430247780e+01
-5.621845636623741882e+01 -3.431220992619682164e+01 -2.422326300278279732e+01
-5.627829219949470030e+01 -3.487754874241075242e+01 -2.339405614687915147e+01
-5.634677567297624989e+01 -3.542216855887556903e+01 -2.255266765642477722e+01
-5.640004642366779564e+01 -3.595652387342667566e+01 -2.170304324825738362e+01
-5.645321058040825335e+01 -3.646672929542992136e+01 -2.083849513127443132e+01
-5.649479097764452717e+01 -3.694958566425798807e+01 -1.995842587447353722e+01
-5.654636872668260850e+01 -3.742187363921936338e+01 -1.907251468501475600e+01
-5.657983304630391785e+01 -3.786039207263858941e+01 -1.816904316844995648e+01
-5.662600296769833363e+01 -3.829063234952372596e+01 -1.726187710935987951e+01
-5.665529122697090258e+01 -3.868653154832243501e+01 -1.633858987719621325e+01
-5.669250442485915187e+01 -3.906978018428987554e+01 -1.541049162601369638e+01
-5.672105169472921204e+01 -3.942548124807689192e+01 -1.447081600332373341e+01
-5.674792688049646472e+01 -3.975789078955894951e+01 -1.352313151712513140e+01
-5.677691411484387629e+01 -4.007458527293005091e+01 -1.256957898087888381e+01
-5.679607390506201625e+01 -4.035688952895196735e+01 -1.160549276581952505e+01
-5.682273672459143654e+01 -4.063106351681351214e+01 -1.063890483646048324e+01
-5.683754019165372284e+01 -4.086632663219590000e+01 -9.661980934508710206e+00
-5.685857855718096232e+01 -4.109205557090282923e+01 -8.683050487190650202e+00
-5.687159445807893121e+01 -4.128411030423333017e+01 -7.696526428153066313e+00
-5.688552562628554909e+01 -4.145634845601183827e+01 -6.706834778077100268e+00
-5.689766347221219434e+01 -4.160799330578321076e+01 -5.713238467734353954e+00
-5.690566736096687350e+01 -4.172647911236506957e+01 -4.715557279438986171e+00
-5.691548367811369502e+01 -4.183562743190170607e+01 -3.716468693947713842e+00
-5.691959968332448483e+01 -4.190438256199077927e+01 -2.713894311923774616e+00
-5.692521861327766430e+01 -4.196467864992662555e+01 -1.710861657540421854e+00
-5.692654359918555684e+01 -4.198879900215429473e+01 -7.060304600207966130e-01
-5.692764385474704625e+01 -4.199453545210833738e+01 2.986290954552298649e-01
-5.692592878046888671e+01 -4.197784612218325861e+01 1.303664390240139026e+00
-5.692342975252947213e+01 -4.192865950052381407e+01 2.307180599582821845e+00
-5.691770383018103274e+01 -4.186966777317172728e+01 3.310515230750031623e+00
-5.691200678531906476e+01 -4.177038679046462732e+01 4.310520495821843490e+00
-5.690240084132251042e+01 -4.166257421912390413e+01 5.309534852127034021e+00
-5.689256032403587682e+01 -4.151913971952370019e+01 6.304319983540940697e+00
-5.688065769229841351e+01 -4.135682808726600967e+01 7.295729504584588021e+00
-5.686485207361383232e+01 -4.117349102844991648e+01 8.283914931170190954e+00
-5.685139669370960291e+01 -4.095737214784848845e+01 9.265046715243270725e+00
-5.682928095605108609e+01 -4.073222380480090976e+01 1.024433577463523370e+01
-5.681249963139242709e+01 -4.046816002924234823e+01 1.121383503793549785e+01
-5.678687988755683591e+01 -4.019444724034884331e+01 1.218034675365209907e+01
-5.676341106130945491e+01 -3.988866688793681448e+01 1.313754338095111152e+01
-5.673786719987521820e+01 -3.956171270544133733e+01 1.408718947144458333e+01
-5.670441886271132859e+01 -3.921810988698424438e+01 1.503123230880761518e+01
-5.667786228762727774e+01 -3.884121095567473247e+01 1.596227289860904364e+01
-5.663644298346966366e+01 -3.845610441850014638e+01 1.688973834161951615e+01
-5.660425324832853278e+01 -3.803566307850037020e+01 1.780199132088925751e+01
-5.656097231429774297e+01 -3.760273385205169205e+01 1.870774529151243826e+01
-5.651719325755971823e+01 -3.714474003358881049e+01 1.960143742149242740e+01
-5.647536101545488663e+01 -3.666237702448457725e+01 2.048179787537755558e+01
-5.641734834785288655e+01 -3.616851548238658864e+01 2.135549246921436506e+01
-5.636742989276657312e+01 -3.563915798828516301e+01 2.220801688896072434e+01
-5.631085176657752811e+01 -3.510139193173431948e+01 2.305518933693135253e+01
-5.624301669874126475e+01 -3.454368775699570193e+01 2.388815529759894574e+01
-5.617068070505737154e+01 -3.396488736429373034e+01 2.470664217328244305e+01
-5.610454220627730137e+01 -3.336070760206168728e+01 2.550701203535924222e+01
-5.601468130631248954e+01 -3.274858135122682512e+01 2.629880030099410959e+01
-5.594210916118595378e+01 -3.210507170615676387e+01 2.706758977862236293e+01
-5.584324933816993308e+01 -3.145528756155050942e+01 2.782737935075949309e+01
-5.574603026410181883e+01 -3.078299866544512753e+01 2.856797343848134929e+01
-5.564947014709414930e+01 -3.009102763108928968e+01 2.928995332970022503e+01
-5.552216318190689748e+01 -2.939267140127336830e+01 3.000115329841691647e+01
-5.541863103537011881e+01 -2.866446829213566616e+01 3.068582840362935116e+01
-5.527617479206871565e+01 -2.793394273196148703e+01 3.136069218671852354e+01
-5.513808037597934231e+01 -2.718225135719506014e+01 3.201286471391262012e+01
-5.499652542982008185e+01 -2.641441958614974439e+01 3.264482899316200815e+01
-5.481285376126407272e+01 -2.564391861614736712e+01 3.326385642596540748e+01
-5.464999958317492457e+01 -2.484597720176151014e+01 3.385140844172528318e+01
-5.444572636525722231e+01 -2.404972212352495475e+01 3.443032009674294613e+01
-5.422743114833602363e+01 -2.323706004979224460e+01 3.497989242713293834e+01
-5.396514797229712457e+01 -2.242653770470507268e+01 3.551169394743897101e+01
-5.372396164217142456e+01 -2.159112109013604552e+01 3.601530938346202504e+01
-5.341796157144707990e+01 -2.076754852985254018e+01 3.650240680783769420e+01
-5.309361505230503298e+01 -1.993727578602296191e+01 3.696418496623020644e+01
-5.274576534248369342e+01 -1.910093592344258795e+01 3.739800609128842979e+01
-5.234804824832648507e+01 -1.827381288020004746e+01 3.780833101279083763e+01
-5.188694330007788125e+01 -1.746702673605280509e+01 3.818990946609637405e+01
-5.138053324956830181e+01 -1.667754885433110701e+01 3.854502717986451188e+01
-5.083719513610436280e+01 -1.589701028104020075e+01 3.886808957153510136e+01
-5.022865513126237147e+01 -1.515460632630747284e+01 3.916266150968677806e+01
-4.954644491570399367e+01 -1.446571030307981154e+01 3.942717429401187701e+01
-4.881841148428611632e+01 -1.381177881348006942e+01 3.965381347058558958e+01
-4.802309771654974213e+01 -1.323640395498661171e+01 3.985832556145565064e+01
-4.719745447762919355e+01 -1.269089567098540527e+01 4.003130797531383678e+01
-4.633419667254849372e+01 -1.219843607757235304e+01 4.017995141704881945e+01
-4.542841016298235957e+01 -1.178179507943522530e+01 4.030572173989836671e+01
-4.450368213558839159e+01 -1.140775233510043307e+01 4.042056004512367906e+01
-4.356553410585604524e+01 -1.105998804231594335e+01 4.051309695844004466e+01
-4.261743305286960037e+01 -1.073668444731870153e+01 4.059609907776550841e+01
-4.165190038457245691e+01 -1.046724868455470592e+01 4.066526642718201856e+01
-4.068525613738464131e+01 -1.020251398772360218e+01 4.073323639585034783e+01
-3.970892353413206877e+01 -9.971161817748747325e+00 4.079263795294214390e+01
-3.872776438417871958e+01 -9.761495029505296017e+00 4.084648968396496116e+01
-3.774144022365882734e+01 -9.574439407170778793e+00 4.089424795057949069e+01
-3.675359334604556238e+01 -9.393405154181383665e+00 4.093242052343804716e+01
-3.575923162262944288e+01 -9.251137378227133112e+00 4.096254825539866573e+01
-3.476243352633711226e+01 -9.126289262678204395e+00 4.098903418181002678e+01
-3.376118467832992565e+01 -9.043790816703833002e+00 4.100657401388704670e+01
-3.275818114156987804e+01 -8.979999805923830181e+00 4.102013148193331915e+01
-3.175344783913991265e+01 -8.981946559040581590e+00 4.101971779785116468e+01
-3.074884977456362378e+01 -8.993489466275146782e+00 4.101726437272445480e+01
-2.974958746319397562e+01 -9.100631570309532847e+00 4.099449102164975756e+01
-2.875243033691939587e+01 -9.210165528238258403e+00 4.097121547011417420e+01
-2.777477027088631800e+01 -9.442531732397863919e+00 4.092184023608930943e+01
-2.681003723778527714e+01 -9.714601523695405305e+00 4.086227270448777205e+01
-2.586503942382825727e+01 -1.004804327144679732e+01 4.077527305651376111e+01
-2.496289252750342769e+01 -1.046490530520865114e+01 4.066457955155082971e+01
-2.411157560206343931e+01 -1.098677447783915362e+01 4.053139586697350438e+01
-2.327916531641647779e+01 -1.153638534937016047e+01 4.038845299680138368e+01
-2.251685152679912960e+01 -1.217597902433452361e+01 4.020161497657650074e+01
-2.186643566045108145e+01 -1.291161395919697696e+01 3.996658417946380126e+01
-2.128618792306997420e+01 -1.369072634876874872e+01 3.970636724218930880e+01
-2.071891021058822346e+01 -1.447250593096371851e+01 3.942928701153685012e+01
-2.020876757952837721e+01 -1.527763631044975767e+01 3.911322999694312585e+01
-1.975253068654460620e+01 -1.611225986481904471e+01 3.878589890795683459e+01
-1.939273543159670155e+01 -1.697118953084575921e+01 3.840907988247366944e+01
-1.899421134626628316e+01 -1.781456134490223420e+01 3.803458478985448465e+01
-1.868594814658655423e+01 -1.867246195638968231e+01 3.761296129449131342e+01
-1.835701968531845552e+01 -1.952150545390007963e+01 3.718767025339427335e+01
-1.808263200652890390e+01 -2.036976538484757882e+01 3.672198241094189797e+01
-1.784985252778154319e+01 -2.121925044366773605e+01 3.624055751155141536e+01
-1.761339628804424606e+01 -2.205775272033361034e+01 3.573885980281880137e+01
-1.741324479825457416e+01 -2.288677691552081583e+01 3.520939711488303914e+01
-1.721100081074649424e+01 -2.370759242295151736e+01 3.466590999852181909e+01
-1.704061926378673775e+01 -2.451585664765559969e+01 3.409505387781188546e+01
-1.686371762147170728e+01 -2.531502942526011779e+01 3.351203035242454575e+01
-1.672089582100602101e+01 -2.609892912707815071e+01 3.290026340902051061e+01
-1.656403120725530087e+01 -2.687329089618028988e+01 3.227930080497677068e+01
-1.643524810131519587e+01 -2.762840078715337810e+01 3.162888084483557805e+01
-1.631302937662682595e+01 -2.837837724945830331e+01 3.097042811209082203e+01
-1.618816105791803039e+01 -2.910594576382486309e+01 3.028777607831561625e+01
-1.609989806708472670e+01 -2.981121257040625494e+01 2.957737619227179238e+01
-1.598238590581479102e+01 -3.051077530364391777e+01 2.886516887393305097e+01
-1.590191271677591089e+01 -3.118484518136869710e+01 2.812427546341621110e+01
-1.580157833317627691e+01 -3.184953401660751382e+01 2.737748896899348949e+01
-1.572676846207315293e+01 -3.249037683932379394e+01 2.660692184576080521e+01
-1.564584113329336290e+01 -3.311636504218223109e+01 2.582552755982725401e+01
-1.557236319356135468e+01 -3.372401979112686377e+01 2.502832269951540312e+01
-1.550958551392669982e+01 -3.430873453363767567e+01 2.421396359744636939e+01
-1.543737008548407630e+01 -3.488198525307232245e+01 2.339157486277133557e+01
-1.538902751169898764e+01 -3.542430400617199382e+01 2.254713726052263212e+01
-1.532148142171203631e+01 -3.596009239762933873e+01 2.169964374342193736e+01
-1.528142049863036611e+01 -3.646102010222029577e+01 2.082927434895534802e+01
-1.522346985320761448e+01 -3.695468596193967414e+01 1.995614983168742995e+01
-1.518513670032298890e+01 -3.741682642617668364e+01 1.906437217941607898e+01
-1.513976458505324274e+01 -3.786407742442123237e+01 1.816600656050810514e+01
-1.510038819004251387e+01 -3.828872331686162767e+01 1.725582911589573598e+01
-1.506752935158279172e+01 -3.868699556961912833e+01 1.633404553695939754e+01
-1.502845428503857939e+01 -3.907262045831390651e+01 1.540675420490986625e+01
-1.500472026179713936e+01 -3.942245033551537148e+01 1.446494983927741274e+01
-1.496970995576463537e+01 -3.976472030823511261e+01 1.352083313516012097e+01
-1.494990820805329967e+01 -4.006974357510017626e+01 1.256328127955948482e+01
-1.492188046319180827e+01 -4.036406261647544369e+01 1.160308416455943714e+01
-1.490238834504562604e+01 -4.062820681143946189e+01 1.063340796440378710e+01
-1.488300657564986906e+01 -4.087033894677761481e+01 9.658524072218597212e+00
-1.486372896747679739e+01 -4.109417587714829523e+01 8.678833853094110040e+00
-1.485174114762670960e+01 -4.128351806282287839e+01 7.691995015749307107e+00
-1.483518713519717558e+01 -4.146309731384727826e+01 6.703361327280506821e+00
-1.482728255961218800e+01 -4.160389171461797986e+01 5.708176443080956730e+00
-1.481534775248823443e+01 -4.173470550716724858e+01 4.712038508582401697e+00
-1.480935569199293411e+01 -4.183204598253315254e+01 3.711569479864836207e+00
-1.480298688557093811e+01 -4.190961560845294542e+01 2.709876150039607801e+00
-1.479880182904297214e+01 -4.196602352061016461e+01 1.706317216290157424e+00
-1.479743494010406479e+01 -4.198877838988774158e+01 7.016793065973286891e-01
-1.479646618715799455e+01 -4.200064292066041105e+01 -3.032302272500478901e-01
-1.479858132611262533e+01 -4.197347081769449062e+01 -1.307972195927637582e+00
-1.480150512635508697e+01 -4.193633804559918588e+01 -2.312065705386393777e+00
-1.480691234776913490e+01 -4.186531828704875835e+01 -3.314744414260258232e+00
-1.481340933305731689e+01 -4.177468942616320646e+01 -4.315349466542181212e+00
-1.482311725128877278e+01 -4.166309263013484099e+01 -5.314230955750663732e+00
-1.483228225999495820e+01 -4.151764960059453102e+01 -6.308514302300316068e+00
-1.484660766657490072e+01 -4.136193626658180733e+01 -7.301233620680923408e+00
-1.485892721031408570e+01 -4.116756010278584199e+01 -8.287302370191190093e+00
-1.487698748009347582e+01 -4.096320066162604689e+01 -9.270890072839749863e+00
-1.489490831906734769e+01 -4.072700923591981592e+01 -1.024776919164011879e+01
-1.491464162242048985e+01 -4.046952046841964545e+01 -1.121873703377963061e+01
-1.494020044187564977e+01 -4.019413514836983126e+01 -1.218503118691202936e+01
-1.496119659121271006e+01 -3.988458275880649495e+01 -1.314088405951436478e+01
-1.499630788784021540e+01 -3.957107042740354075e+01 -1.409501914640823372e+01
-1.501763367112224401e+01 -3.920986196369269550e+01 -1.503302896182092674e+01
