5.812617507556592500e+01 3.867364310060763444e+01 -1.633235595023316122e+01
5.812752730551260782e+01 3.907175861311311138e+01 -1.540638085680256175e+01
5.815783413021847537e+01 3.941406860559872172e+01 -1.445887539435339164e+01
5.816950396301620430e+01 3.975617636919022146e+01 -1.351038302915385536e+01
5.817649381076152082e+01 4.007659554536433433e+01 -1.255537552581570715e+01
5.820122407943743781e+01 4.034986620475494590e+01 -1.158503116884468298e+01
5.820295037687619555e+01 4.063348178091510476e+01 -1.061747704361499878e+01
5.821659686338480810e+01 4.086839917914993237e+01 -9.637935402907615412e+00
5.823034353947747377e+01 4.108227422905397930e+01 -8.652382714538539688e+00
5.823070654806127777e+01 4.129415393428596559e+01 -7.667263555257180840e+00
5.824440388277054836e+01 4.144843441735447698e+01 -6.671165961440749470e+00
5.824822698966825385e+01 4.160758875097128850e+01 -5.675326382715488727e+00
5.825142200020563621e+01 4.173305805186960526e+01 -4.675914766510708809e+00
5.825939210117296341e+01 4.181940885499317773e+01 -3.671127181417777940e+00
5.825927777524663753e+01 4.191498461664589570e+01 -2.667620169285309206e+00
5.826178929439689114e+01 4.195296410425746814e+01 -1.660683170524309027e+00
5.826419169835538270e+01 4.198204549702477095e+01 -6.525070224812912212e-01
5.826297469267882434e+01 4.199677301560966924e+01 3.547923192731528008e-01
5.826124171812023178e+01 4.195805458247770758e+01 1.362328788150411141e+00
5.826177253168546599e+01 4.192933205766362903e+01 2.370291856636296934e+00
5.825650532614379529e+01 4.185520909527114952e+01 3.374878555668672675e+00
5.825184340379974657e+01 4.175313423931809353e+01 4.378276489016157846e+00
5.825112261946066639e+01 4.165411945019855011e+01 5.381185651615478349e+00
5.823904287659857459e+01 4.149626960085885230e+01 6.376584848996660781e+00
5.823599972255265556e+01 4.133822852781555213e+01 7.372665042549732206e+00
5.822878020999714721e+01 4.115513547749651480e+01 8.363116515227178027e+00
5.821222886146291131e+01 4.092655865744187338e+01 9.345180836979649186e+00
5.821232416901880669e+01 4.070859112099859800e+01 1.032954807571805844e+01
5.819349155529082651e+01 4.043953084747007409e+01 1.130025273572273825e+01
5.817941555037763379e+01 4.015233707873780133e+01 1.226697481275077628e+01
5.817544379475561556e+01 3.986124564976501006e+01 1.323153342551322709e+01
5.814632716412922520e+01 3.951563670647226445e+01 1.417816730699585470e+01
5.814039216429524970e+01 3.917428654160953272e+01 1.512705522519335410e+01
5.812185256974673564e+01 3.880149101334681205e+01 1.606251167867050711e+01
5.809016557752857324e+01 3.839191226306075322e+01 1.698363202429712970e+01
5.808907535512948073e+01 3.799090151634285917e+01 1.790846189291267265e+01
5.805186391991178141e+01 3.753938752861539285e+01 1.880859225150754099e+01
5.802829958567055968e+01 3.707600871152048683e+01 1.970401761724237488e+01
5.801678669254244625e+01 3.660420881009366667e+01 2.059389707182835849e+01
5.796722849931182964e+01 3.608508588296073327e+01 2.145708528655642766e+01
5.795699603386483290e+01 3.557088248657376539e+01 2.232432797541491709e+01
5.792141338757289759e+01 3.502456934495003082e+01 2.316968689173579321e+01
5.787045122575463552e+01 3.444854000275753236e+01 2.399620439296380781e+01
5.786429024982318481e+01 3.387840860777149743e+01 2.482721239153983817e+01
5.780322862830065134e+01 3.326386696086247241e+01 2.562396915354699445e+01
5.776355548658018080e+01 3.263922824385376487e+01 2.641460348955226323e+01
5.773973384078133364e+01 3.200611251166321125e+01 2.719732431848016674e+01
5.766254584113472248e+01 3.133380024973161326e+01 2.794577413619366268e+01
5.763973369565493243e+01 3.066375572062555221e+01 2.869849194602452513e+01
5.758099312316295482e+01 2.996734033740218450e+01 2.942376005036580722e+01
5.749864587971397611e+01 2.924584210425752673e+01 3.012470690176060373e+01
5.747837523280529126e+01 2.852753348494749375e+01 3.083081347998947308e+01
5.738527367060096651e+01 2.777559655897984570e+01 3.149672067618961790e+01
5.730837436007834640e+01 2.701138040526796757e+01 3.215068091470302392e+01
5.726610060261347712e+01 2.624265284349987581e+01 3.279924332851883406e+01
5.714600796414988082e+01 2.544387142587810402e+01 3.340630345424165171e+01
5.708026376210310815e+01 2.464069803698812677e+01 3.401158827271256513e+01
5.698538012277489173e+01 2.380839754538682129e+01 3.457811593553533669e+01
5.690259449909890321e+01 2.298488319676745562e+01 3.515422638898086660e+01
5.672254540994326533e+01 2.214394591638533427e+01 3.567531868679177620e+01
5.661345909536409238e+01 2.128620186153179716e+01 3.619707386420509465e+01
5.650656768957031062e+01 2.042104573812000012e+01 3.670359365503863103e+01
5.627418401161609296e+01 1.955035197404312797e+01 3.715305464685690140e+01
5.614434884487672406e+01 1.866207772842009760e+01 3.761577013140828285e+01
5.598466646201458730e+01 1.777136291856551509e+01 3.805389704413984475e+01
5.568895435793251636e+01 1.688542433219776129e+01 3.843529920775176834e+01
5.550985909074072566e+01 1.597568559336636262e+01 3.883245636003490375e+01
5.528815775625902518e+01 1.507036881046088972e+01 3.920288877588266985e+01
5.491842503760612004e+01 1.418285867809442458e+01 3.951765895213255675e+01
5.462778485899015379e+01 1.327315641349454367e+01 3.983927129587927851e+01
5.432006345648360934e+01 1.236359737883087462e+01 4.012890363087880985e+01
5.387041161716960858e+01 1.148946745598924934e+01 4.037611069762436955e+01
5.340861271287913326e+01 1.063182695988082216e+01 4.062865468068073938e+01
5.288255027076531434e+01 9.799259690394137579e+00 4.084328432824520405e+01
5.227943025306114322e+01 9.004583311032533288e+00 4.101795332972712771e+01
5.160739145128395222e+01 8.262304412971190004e+00 4.117134683544401241e+01
5.087407348670376450e+01 7.583967858823192465e+00 4.131592519445337075e+01
5.008282942892417822e+01 6.961364230309916579e+00 4.142264607450422176e+01
4.924035574896370804e+01 6.403112307646979140e+00 4.149965636191299723e+01
4.835427654363687111e+01 5.922311875804285641e+00 4.156478343085996130e+01
4.743412239456524304e+01 5.519857510297519809e+00 4.163051986461243104e+01
4.649839539850874814e+01 5.138491460942073097e+00 4.168334206356951910e+01
4.554405779723465741e+01 4.813215302883412150e+00 4.171197932757596760e+01
4.454935474074925850e+01 4.657615850600893559e+00 4.172627033471237468e+01
4.357284963008230250e+01 4.400241320086326624e+00 4.175077587872914364e+01
4.259813729556918105e+01 4.145406768774161144e+00 4.177458919294031858e+01
4.159751024693458277e+01 4.043817587912391431e+00 4.178412250475191314e+01
4.059524039858758471e+01 3.930158198695671068e+00 4.179491396475607701e+01
3.960307946922053191e+01 3.752265372872642946e+00 4.181171847668048258e+01
3.859873694924866072e+01 3.691662207482458768e+00 4.181744189382065002e+01
3.758983928343691616e+01 3.656389644715213105e+00 4.182078023903699204e+01
3.658622075106084992e+01 3.563401079521330672e+00 4.182956979281040333e+01
3.557913070537532718e+01 3.547584193432879562e+00 4.183106462718431118e+01
3.457009785558543769e+01 3.562977670591040091e+00 4.182960984034454555e+01
3.356215144422297669e+01 3.555495443255336951e+00 4.183031706633829572e+01
3.255424353271721571e+01 3.583059390309889292e+00 4.182771135129678441e+01
3.154875061495127042e+01 3.654332064362283639e+00 4.182097459194479683e+01
3.054369416342741061e+01 3.735735277349403027e+00 4.181327913959344045e+01
2.953722479198151518e+01 3.807074878813372365e+00 4.180653408043258423e+01
2.854538082666725529e+01 3.974872629362360410e+00 4.179068108175996343e+01
2.755088590520855263e+01 4.145669961389969238e+00 4.177452049602173645e+01
2.655646086608071244e+01 4.294479669585332005e+00 4.176048014892636218e+01
2.560629493469555129e+01 4.632185311365856428e+00 4.172869896869971740e+01
2.462975970779337231e+01 4.884659308725159299e+00 4.170458894470775135e+01
2.371405192596155231e+01 5.295742508993469322e+00 4.166526507461776418e+01
2.275683318478118977e+01 5.626795425076791979e+00 4.161305574251472450e+01
2.192785480925079966e+01 6.180046710748173133e+00 4.152372862898054251e+01
2.101375555238399429e+01 6.619240901773114416e+00 4.145295200330912877e+01
2.028831820557049781e+01 7.280012896252613608e+00 4.135527421768066603e+01
1.958569910124203517e+01 7.999843875712027597e+00 4.122822759909960411e+01
1.896419071484211116e+01 8.762577683557879027e+00 4.105651561644407366e+01
1.824109666579439804e+01 9.457776582769024998e+00 4.089998809260306700e+01
1.780003905469135361e+01 1.033170986401967717e+01 4.070827991312761185e+01
1.723273571085347555e+01 1.113510960996609178e+01 4.048143647677937196e+01
1.684269547874903949e+01 1.201722461254541230e+01 4.023232587063922949e+01
1.653471474427496801e+01 1.294345838389433823e+01 3.995650314778669099e+01
1.618725451603371468e+01 1.382655094053351696e+01 3.963880373360260734e+01
1.583203388188682048e+01 1.471709496082334034e+01 3.931775414748909725e+01
1.558251181603385227e+01 1.562827546269202905e+01 3.898635053723641875e+01
1.523540665073900158e+01 1.649987096979507228e+01 3.860853629073907456e+01
1.499606425239026386e+01 1.739210863322193745e+01 3.821769371632628065e+01
1.480990968997837065e+01 1.828993899202347961e+01 3.780332959138775806e+01
1.454584249744504376e+01 1.915305893567365558e+01 3.735605540435738448e+01
1.444492609091990687e+01 2.005019999248071016e+01 3.690443387461734659e+01
1.422563399162961595e+01 2.090061011445273564e+01 3.641111849631894160e+01
1.410306089773582450e+01 2.176529697973854738e+01 3.590994593186244543e+01
1.399377605961224269e+01 2.261904630940536620e+01 3.538593503555385666e+01
1.382645062711833361e+01 2.344180055795667883e+01 3.483036302944503149e+01
1.376693085972216934e+01 2.428141724625147901e+01 3.427161806093887719e+01
1.362474267937465555e+01 2.507947487001515796e+01 3.367443211542229875e+01
1.354722750162561340e+01 2.588308175872231232e+01 3.307009482913675669e+01
1.348201354275969521e+01 2.667303238096339157e+01 3.244642895380126646e+01
1.336599433548134108e+01 2.742958913070561877e+01 3.179156032455419734e+01
1.332670862354379793e+01 2.819576433567601015e+01 3.113453570057220787e+01
1.323537439644377045e+01 2.892330170723121086e+01 3.044414088337002156e+01
1.318516017215727842e+01 2.963548957611499901e+01 2.973214608920796564e+01
1.308953060478533104e+01 3.034526900829426665e+01 2.902208430769753633e+01
1.303489884270411281e+01 3.104311327294280431e+01 2.829809601711392730e+01
1.293119292992389191e+01 3.169909318118115138e+01 2.753797663088731440e+01
1.287724052545616793e+01 3.235738959976313822e+01 2.677658892588495831e+01
1.281113554690634260e+01 3.298733204105927541e+01 2.599316162714422163e+01
1.273047321746930471e+01 3.359106746226532181e+01 2.518868418135006237e+01
1.270188738781142845e+01 3.419941969607479137e+01 2.438601206824632683e+01
1.262808706266104686e+01 3.476098902889663833e+01 2.355159106038694361e+01
1.258550823048530276e+01 3.532062529499244619e+01 2.271396800759431045e+01
1.254765436282877999e+01 3.585832131482305130e+01 2.186315851610437377e+01
1.248605693242171988e+01 3.635935646525483378e+01 2.098973424636267993e+01
1.246863817217747261e+01 3.686875036596412514e+01 2.012015447196853302e+01
1.241933136384960434e+01 3.732911337694366694e+01 1.922492938182757527e+01
1.238317616786182285e+01 3.777919039543770197e+01 1.832315374687322773e+01
1.236434395950767851e+01 3.821784795779382193e+01 1.741655351503744598e+01
1.231932450621606101e+01 3.860883812981469276e+01 1.648800531267691127e+01
1.230561392676015586e+01 3.900846800224097422e+01 1.556244971183085291e+01
1.227715197935994240e+01 3.936401084070093503e+01 1.462027381314742414e+01
1.224744819582351596e+01 3.969627672353865933e+01 1.366842429525059543e+01
1.223926606467150435e+01 4.002902417700229165e+01 1.271733235294466446e+01
1.221025682559650249e+01 4.030605051040263476e+01 1.174844825445021179e+01
1.219756822560355047e+01 4.058600425391210820e+01 1.077971601417208625e+01
1.218492508548506414e+01 4.083463865292914363e+01 9.803697821177507876e+00
1.216417572088860943e+01 4.104439244941820419e+01 8.817410564430653963e+00
1.216007276389714598e+01 4.126333757736907160e+01 7.833453884350350727e+00
1.214618405879009089e+01 4.142588976265740541e+01 6.839037771215552119e+00
1.213632565273851327e+01 4.157905633739955675e+01 5.842193951709952593e+00
1.213303736386962939e+01 4.171816787187167819e+01 4.844454619545360607e+00
1.212403100982374227e+01 4.180484236048576463e+01 3.839901177449923875e+00
1.212118107059013283e+01 4.190112149653005247e+01 2.836167949915093356e+00
1.211951923050419566e+01 4.195134534719566943e+01 1.830046146989701805e+00
1.211692714947674432e+01 4.197450816465607915e+01 8.217059198039627921e-01
1.211723234779821112e+01 4.200009280070709394e+01 -1.857119725825459589e-01
1.212092152099657660e+01 4.196669081958314251e+01 -1.193116744434775223e+00
1.212174888690128149e+01 4.193365682549065099e+01 -2.201117535923233781e+00
1.212697270464196819e+01 4.187356557681044222e+01 -3.206586130010301350e+00
1.213630558390161696e+01 4.176884898421071313e+01 -4.209572595018326702e+00
1.213803374830271053e+01 4.167461408975039205e+01 -5.213318180945918812e+00
1.215220781356452662e+01 4.152689874413479032e+01 -6.209885926914484600e+00
1.216293649739449378e+01 4.136237705490339067e+01 -7.204931065920741062e+00
1.216955295407950288e+01 4.119209358186039793e+01 -8.197912694629355457e+00
1.219267063781427929e+01 4.096643724037445367e+01 -9.180266355404114620e+00
1.220025908430224959e+01 4.074595631902005266e+01 -1.016428031936956700e+01
1.221922950979009492e+01 4.049051044107848440e+01 -1.113841382469891350e+01
1.224642694405266496e+01 4.019879334642521940e+01 -1.210351457695932709e+01
1.225314375421338475e+01 3.991524880264190500e+01 -1.307075303696551494e+01
1.228758987255212354e+01 3.957801319111267446e+01 -1.401981068863584845e+01
1.231101767655709089e+01 3.922990875701508884e+01 -1.496609834447017207e+01
1.232836571537661285e+01 3.887092524240916447e+01 -1.590709759567527470e+01
1.237389760747307044e+01 3.846290970468908910e+01 -1.682820561580324892e+01
1.238962394157138647e+01 3.806063352948046230e+01 -1.775265711782280320e+01
1.242799743269376656e+01 3.762212184155384165e+01 -1.865867298577876454e+01
1.247684719757940819e+01 3.715344174331743687e+01 -1.955056864256135896e+01
1.249287665863650787e+01 3.669030487536367957e+01 -2.044547415595394924e+01
1.255276416555050645e+01 3.617897585859929421e+01 -2.131218473581156658e+01
1.259556404781399763e+01 3.565751413072440812e+01 -2.217435166521120848e+01
1.262871891671795765e+01 3.512561319746832567e+01 -2.302892222368155828e+01
1.270344104432217236e+01 3.455155652676223355e+01 -2.385518088326976027e+01
1.273623589334019890e+01 3.398006571775822238e+01 -2.468503614502928656e+01
1.279988724926406540e+01 3.337849737801050054e+01 -2.549058129124724914e+01
1.288182967304408955e+01 3.274984463315714578e+01 -2.627576699954347106e+01
1.291707620232131326e+01 3.212417506953361368e+01 -2.706476364012865332e+01
1.301036554922129440e+01 3.146060764724211722e+01 -2.781853062979796931e+01
1.309210912432485685e+01 3.078371098584015897e+01 -2.856219124491770245e+01
1.316358475463350786e+01 3.008500617068084892e+01 -2.928412364871654816e+01
1.321880340053962222e+01 2.937915643949688516e+01 -3.000405586968166460e+01
1.330540708504631553e+01 2.865701900671477986e+01 -3.069951429246446040e+01
1.338437791946074817e+01 2.791126067467912009e+01 -3.137412054926399918e+01
1.343326165849459741e+01 2.715803915716315231e+01 -3.204432495144181559e+01
1.356821583713576196e+01 2.637862272114183426e+01 -3.266713966484456222e+01
1.364053612851830088e+01 2.559132392449942017e+01 -3.329498829365176960e+01
1.372103742045614183e+01 2.479255636960956721e+01 -3.390393837379873787e+01
1.389116888190702248e+01 2.397318555371501603e+01 -3.446501489012418773e+01
1.396794506019756277e+01 2.314638538245430865e+01 -3.504013473720313954e+01
1.410010495164436684e+01 2.230902444223972836e+01 -3.558093600956897262e+01
1.430022499203509057e+01 2.145746669919246230e+01 -3.608199142167564588e+01
1.439462562524802181e+01 2.059546090736318291e+01 -3.659933308523403639e+01
1.459035759962321954e+01 1.972940607836540750e+01 -3.706956654315930422e+01
1.483234547149702109e+01 1.885361368047692210e+01 -3.750806786421120620e+01
1.496011944623301204e+01 1.796294081846211554e+01 -3.796362108495072363e+01
1.522384754862838108e+01 1.707938696230782938e+01 -3.836437556149424921e+01
1.553371462083331700e+01 1.619121157538453915e+01 -3.873599883952481093e+01
1.572807441391608840e+01 1.528257152676473041e+01 -3.912195080368107369e+01
1.607284569702889598e+01 1.438742939091419082e+01 -3.943776132699468917e+01
1.637216600041389469e+01 1.347885644199113742e+01 -3.977066974955116052e+01
1.678051113824266949e+01 1.261062768458166161e+01 -4.005550171594617126e+01
1.724882017405115775e+01 1.175123993498294972e+01 -4.030172817357711779e+01
1.761819086414396551e+01 1.084988067629022623e+01 -4.056896407760864776e+01
1.807393444925745385e+01 9.985742101490020062e+00 -4.079339116365449058e+01
1.866614190085534020e+01 9.184788648452762772e+00 -4.096649374015208878e+01
1.930804827414991109e+01 8.419412475203719382e+00 -4.113415735080686630e+01
1.998133530897350596e+01 7.687538877244849189e+00 -4.129230631718522204e+01
2.072635855859164877e+01 7.013419266938094587e+00 -4.140528500119538791e+01
2.153599839987916198e+01 6.411966560371437751e+00 -4.149026896627558614e+01
2.239706610254231478e+01 5.895210227981312556e+00 -4.156978626536025700e+01
2.329263777091684062e+01 5.439700276927925238e+00 -4.164478832279620235e+01
2.420545537619773668e+01 5.000182516652915687e+00 -4.169636016526963118e+01
2.516521973064574524e+01 4.710701289298785177e+00 -4.172080184968766758e+01
2.615032062443141569e+01 4.495972620345448867e+00 -4.174176703311164971e+01
2.711060099147208291e+01 4.178544104558092442e+00 -4.177164915637222009e+01
2.808737849215844662e+01 3.954620555355710998e+00 -4.179254645394922818e+01
2.909308209957936953e+01 3.868301368459853062e+00 -4.180072905202490574e+01
3.008904367414813663e+01 3.706304296306703883e+00 -4.181607523660370163e+01
3.108280554832148468e+01 3.556771038364005211e+00 -4.183019452351277323e+01
3.209119107232253043e+01 3.529626192251388073e+00 -4.183276160809536037e+01
3.309933023932874363e+01 3.479511060981324455e+00 -4.183750242001645603e+01
3.410435708235547736e+01 3.420229183597165434e+00 -4.184310538167845550e+01
3.511269349849531807e+01 3.442290141448135277e+00 -4.184102012462646769e+01
3.612107651482465087e+01 3.472171309063082134e+00 -4.183819573566396599e+01
3.712887709178749418e+01 3.499324100227815482e+00 -4.183562890182233218e+01
3.813497574447561789e+01 3.566433207801174010e+00 -4.182928518465851653e+01
3.913583071431794025e+01 3.683583781046317451e+00 -4.181821147467596944e+01
4.014026454780944420e+01 3.781933763792700631e+00 -4.180891329066339779e+01
4.113869357943845273e+01 3.909810188600581604e+00 -4.179682704281140815e+01
4.212008573306346193e+01 4.139623816294482950e+00 -4.177510671842120615e+01
4.311783310659274093e+01 4.292211193776322986e+00 -4.176066789249328792e+01
4.408546737863204612e+01 4.554730700370076768e+00 -4.173593725560716194e+01
4.503377698213891733e+01 4.905852106270353730e+00 -4.170276211980966963e+01
4.599313423388287703e+01 5.193789354575152117e+00 -4.167582136414825555e+01
4.694524983430172682e+01 5.542429702153695459e+00 -4.163009607273700396e+01
4.785446115248685572e+01 5.945025011796735370e+00 -4.156053479916023718e+01
4.872658683579237504e+01 6.447292081394807362e+00 -4.148077072677313026e+01
4.961993088867033208e+01 6.889295507845663025e+00 -4.141253723006609277e+01
5.033152034704666278e+01 7.599458115797677493e+00 -4.130544849635791138e+01
5.110151123327788980e+01 8.232375108276224651e+00 -4.117493769426779693e+01
5.182574357127356279e+01 8.924416282054135507e+00 -4.101880747147902184e+01
5.250593458067370989e+01 9.628428460129601518e+00 -4.086539980219736634e+01
5.297724968138069102e+01 1.050221254500402068e+01 -4.066546312340841496e+01
5.357390375451115005e+01 1.127282210972563625e+01 -4.043826752381621503e+01
5.391991001592069921e+01 1.218610836589300916e+01 -4.017370183350326585e+01
5.432126998347573732e+01 1.307329510323655697e+01 -3.991594728210144893e+01
5.473262258190914764e+01 1.394435091782690250e+01 -3.960999067394524786e+01
5.510907053756644558e+01 1.481591280049979709e+01 -3.928337636383857756e+01
5.531340346696457289e+01 1.573938356704563368e+01 -3.893810394959309207e+01
5.566349898592029177e+01 1.660532465568560667e+01 -3.855555376223919239e+01
5.580822586656835682e+01 1.752372603537817852e+01 -3.816597679141468547e+01
5.604877752192483342e+01 1.840281994005955113e+01 -3.773955083919420161e+01
5.623169364780504509e+01 1.928604394391055621e+01 -3.729662423492916901e+01
5.634221161997459859e+01 2.017810242485972338e+01 -3.683635028024560398e+01
5.655522596920211242e+01 2.102693758415393077e+01 -3.633945817117165689e+01
5.663366378997069717e+01 2.190148775984396323e+01 -3.583830520542592524e+01
5.678466600510905238e+01 2.273987495777911860e+01 -3.530197656496604708e+01
5.689287637575235124e+01 2.357695269065763100e+01 -3.475135515228849670e+01
5.696066105509345334e+01 2.441073289413001390e+01 -3.418493022608515730e+01
5.707363461242029246e+01 2.520530735197901961e+01 -3.357666075917344273e+01
5.718546673743851727e+01 2.599780354484781242e+01 -3.296119167149678475e+01
5.724816356514635629e+01 2.679163065801045462e+01 -3.234597956997452428e+01
5.732726375013827180e+01 2.755602182898699226e+01 -3.169455207926923279e+01
5.743077503087057067e+01 2.829830107820463070e+01 -3.101796756138815425e+01
5.745632271939258118e+01 2.904532661835458285e+01 -3.034292528501127961e+01
5.755127594720741513e+01 2.975209106591237429e+01 -2.962891569607992182e+01
5.759925538043992788e+01 3.045781549752868855e+01 -2.891086727372247722e+01
5.764226786203790454e+01 3.114436623542415816e+01 -2.817554934139509371e+01
5.772207619023173208e+01 3.179925144715539176e+01 -2.741185123050640371e+01
5.773404921789582289e+01 3.246195271384647185e+01 -2.665275345477637003e+01
5.779905916365060392e+01 3.308071038175911127e+01 -2.585957854479203277e+01
5.784160058133404192e+01 3.369156647649120373e+01 -2.505849097724822983e+01
5.786055005121470884e+01 3.429113648270589465e+01 -2.424951462802481217e+01
5.792230889136934735e+01 3.484845523886186669e+01 -2.341093289575237080e+01
5.793177512413223695e+01 3.541438509519841915e+01 -2.257673193760347274e+01
5.797131502793406810e+01 3.593868479266366478e+01 -2.171739195881614393e+01
5.801057374101465314e+01 3.644356259783939578e+01 -2.084520227739081477e+01
5.801535946811888067e+01 3.694797346807951754e+01 -1.997296879936531866e+01
5.805918677279028373e+01 3.740163230124783666e+01 -1.907356386854601027e+01
5.807609939029561730e+01 3.785478407291657277e+01 -1.817308717856382216e+01
5.807177917557350355e+01 3.830046374548192034e+01 -1.726962102594272253e+01
5.812617507556591079e+01 3.867364310060762733e+01 -1.633235595023315767e+01
