-5.813889607583130470e+01 3.937608065479535213e+01 -1.455721481416919616e+01
-5.817749760784489865e+01 3.974435781873147278e+01 -1.361770129762403236e+01
-5.817802378864349322e+01 4.003887179439409039e+01 -1.265445614233531657e+01
-5.818483965317398088e+01 4.032337639627193226e+01 -1.168717133117320905e+01
-5.820750999919047075e+01 4.060878820140391809e+01 -1.072050012900742288e+01
-5.821083276315127364e+01 4.083953600152658936e+01 -9.739756716776330592e+00
-5.822072668878652735e+01 4.106474371984532468e+01 -8.756727117458394716e+00
-5.823550523530386158e+01 4.127375455503998580e+01 -7.771243904509414158e+00
-5.823520311106434377e+01 4.142955424443701418e+01 -6.775205934303442312e+00
-5.824639338885452844e+01 4.159597789580295313e+01 -5.780654598456007598e+00
-5.825199672828561148e+01 4.171809249210636494e+01 -4.780859188471742627e+00
-5.825314267762745857e+01 4.181263039496059974e+01 -3.776782770911184972e+00
-5.826018975356239338e+01 4.190852520556007477e+01 -2.773458874151164988e+00
-5.826092758018478435e+01 4.194525470429742597e+01 -1.766402068822263027e+00
-5.826162948421260523e+01 4.198370051620656795e+01 -7.585623988802139284e-01
-5.826356235726306920e+01 4.199592712235850911e+01 2.486921863392073384e-01
-5.826273378733587549e+01 4.196123145662998866e+01 1.256422427540519804e+00
-5.825930952258767093e+01 4.193692485907125445e+01 2.264409118788222042e+00
-5.825941305737658382e+01 4.186009073860380170e+01 3.268841648865561833e+00
-5.825468989519290375e+01 4.176749806783726626e+01 4.273138034890965109e+00
-5.824743739719793467e+01 4.166725099986155811e+01 5.275776858395874847e+00
-5.824766353092788762e+01 4.150930726883815680e+01 6.271327835169367759e+00
-5.823507668550823269e+01 4.136011963965152205e+01 7.268666453088648893e+00
-5.822910266376999999e+01 4.117313883619042514e+01 8.258373571979117145e+00
-5.822419254464205807e+01 4.095185594095011083e+01 9.242223937609383100e+00
-5.820493516483357155e+01 4.073581623441353372e+01 1.022669611462342409e+01
-5.820393416641132944e+01 4.046315736495613180e+01 1.119670586185714001e+01
-5.818632235130428398e+01 4.018807271789120961e+01 1.216686275041797316e+01
-5.816815436357313018e+01 3.989279889501813159e+01 1.312983787837837113e+01
-5.816583902311803200e+01 3.954942951102698601e+01 1.407779278512705190e+01
-5.813487836139045584e+01 3.921634979733944704e+01 1.502912998580086423e+01
-5.812649346712333198e+01 3.883639441205281173e+01 1.596193829981372936e+01
-5.810844638038238941e+01 3.843911403226960033e+01 1.688865100326744439e+01
-5.807374548706923179e+01 3.803656095784813118e+01 1.781192939279645060e+01
-5.807234398706489742e+01 3.758077756387615409e+01 1.871091155850632148e+01
-5.803197139856016662e+01 3.713266131541126924e+01 1.961360768426051848e+01
-5.800846521446445792e+01 3.665147204951524174e+01 2.049803758744299742e+01
-5.799289025112414464e+01 3.613956072644507600e+01 2.136651540516801617e+01
-5.794003874136286925e+01 3.563167407636007056e+01 2.223603397676470905e+01
-5.793283206661102014e+01 3.507423961164853665e+01 2.307523097685637481e+01
-5.788564948042760250e+01 3.451663664652025432e+01 2.391430655867097599e+01
-5.783940776333734846e+01 3.393964730263211038e+01 2.473881071385219599e+01
-5.782568953385901978e+01 3.332349409876125890e+01 2.553643355062183673e+01
-5.775360150184450703e+01 3.271527146282429754e+01 2.633819631766541036e+01
-5.773110632953895305e+01 3.206599143380535821e+01 2.710763762236933871e+01
-5.767745212109466735e+01 3.140794329947381414e+01 2.786974228760965744e+01
-5.760271736275664267e+01 3.074071771907420114e+01 2.862181648928818944e+01
-5.758397915285539170e+01 3.003284178748406319e+01 2.933858960818184514e+01
-5.748943204888556124e+01 2.933257924056608701e+01 3.005964470578472003e+01
-5.744023740237638975e+01 2.860082196553938871e+01 3.074940695185234318e+01
-5.737489657081111716e+01 2.785411371157136529e+01 3.142327227376877019e+01
-5.726528960213514097e+01 2.710437086989039557e+01 3.209031287186592607e+01
-5.722711968920993542e+01 2.631578952853801212e+01 3.271454669607411603e+01
-5.711020358544042352e+01 2.552440430688038830e+01 3.332893623498978997e+01
-5.702213638694722420e+01 2.473041415493126394e+01 3.394501846165206871e+01
-5.691261377834895541e+01 2.391589082550470380e+01 3.452767303036652891e+01
-5.684556601334799097e+01 2.307247417179839744e+01 3.508039779047042828e+01
-5.667234245749970256e+01 2.224640447449980840e+01 3.562885442281356774e+01
-5.659328434764917404e+01 2.137790474988852196e+01 3.613995303810201420e+01
-5.643769437304257508e+01 2.051765227527962665e+01 3.663779439809147220e+01
-5.626377862793589912e+01 1.964943522926975206e+01 3.711619325320783247e+01
-5.615159907500254377e+01 1.875036193566681320e+01 3.756098316488509425e+01
-5.587487583618386822e+01 1.788724833991528129e+01 3.800058000645766043e+01
-5.573919702246445951e+01 1.696996532636752519e+01 3.840053478418191446e+01
-5.545962865577390488e+01 1.608697177619799135e+01 3.878659984373405933e+01
-5.517068861573541483e+01 1.519422657749588090e+01 3.914963666267819065e+01
-5.491769321991086628e+01 1.428406217867791561e+01 3.947960599652218860e+01
-5.445413517921606683e+01 1.343581753650684973e+01 3.979717654630276513e+01
-5.408461731773801517e+01 1.254536162292703416e+01 4.007021461054597467e+01
-5.372377862441666707e+01 1.163124106283975578e+01 4.033351780780710527e+01
-5.323613287704336017e+01 1.080374335013485343e+01 4.057938439616371085e+01
-5.268295570765246794e+01 9.985985016506678136e+00 4.078866935897030288e+01
-5.213783341342303146e+01 9.177655451111045082e+00 4.096209093002502755e+01
-5.135783872098720337e+01 8.541027297579759647e+00 4.110592387456992469e+01
-5.064076305951704882e+01 7.859807643393112109e+00 4.125815344603791601e+01
-4.991219796980892909e+01 7.161406215541663123e+00 4.137310165965680397e+01
-4.910429139547662913e+01 6.598495804857651414e+00 4.145629074994467800e+01
-4.818445362025317280e+01 6.178184345899150109e+00 4.152395093391582037e+01
-4.732842601127009630e+01 5.668470900601416673e+00 4.160715838579724135e+01
-4.636386272706404554e+01 5.361803163450229448e+00 4.165769155911438304e+01
-4.542802888648063231e+01 4.995436947399729100e+00 4.169418615628925551e+01
-4.446286049431744658e+01 4.704589846838812761e+00 4.172180907247351911e+01
-4.351299199028751019e+01 4.367853204048135929e+00 4.175353341880644109e+01
-4.251753486761115397e+01 4.214594636826016760e+00 4.176801287414388497e+01
-4.153232253211972846e+01 3.999195003853284636e+00 4.178837900624412782e+01
-4.054276280827466650e+01 3.820819567707716136e+00 4.180523548474420892e+01
-3.953748461658621949e+01 3.729870610439582013e+00 4.181383393178385433e+01
-3.853670556731425023e+01 3.609357536074007111e+00 4.182522571936863898e+01
-3.753267381161857941e+01 3.520866605120130721e+00 4.183359030720357907e+01
-3.652505623218230113e+01 3.480418663566110737e+00 4.183741386026193965e+01
-3.551716550004900341e+01 3.457999955412160986e+00 4.183953298108493613e+01
-3.450840012772952292e+01 3.423477260634490538e+00 4.184279598636747011e+01
-3.350194307050410458e+01 3.445635546550438022e+00 4.184070197433033655e+01
-3.249636687591215889e+01 3.521050952716865634e+00 4.183357226586509370e+01
-3.148611911922931128e+01 3.538872062581277067e+00 4.183188317379573107e+01
-3.048578461823834118e+01 3.630189490345195225e+00 4.182326127627869283e+01
-2.949507996281540656e+01 3.819575518016329330e+00 4.180535910293836821e+01
-2.848937132850388920e+01 3.916016692288314616e+00 4.179618080052877360e+01
-2.749801875383428751e+01 4.066903487374531778e+00 4.178206277499587884e+01
-2.653635106933767673e+01 4.371268151010565539e+00 4.175357675071884245e+01
-2.556488303227465408e+01 4.645481704027186076e+00 4.172728127592269942e+01
-2.458149076951322698e+01 4.852702582421955846e+00 4.170884664076903192e+01
-2.365710722725928150e+01 5.262162312400525011e+00 4.166904240354816125e+01
-2.275348228615741775e+01 5.709184699308515576e+00 4.160133966242243275e+01
-2.187621974796000046e+01 6.195116489575957175e+00 4.152163137130604298e+01
-2.104436448879364718e+01 6.763605612009131463e+00 4.144125903341544870e+01
-2.027191451323341198e+01 7.410236222163091746e+00 4.134231409323612638e+01
-1.957131361606102260e+01 8.121230603996902886e+00 4.120189467182600396e+01
-1.892270309560703367e+01 8.875940060425222100e+00 4.103186997380023371e+01
-1.830023791940968536e+01 9.659313904136094919e+00 4.086622755979507104e+01
-1.778152898600238174e+01 1.049563249947774324e+01 4.066711148433527967e+01
-1.739999328764976738e+01 1.139159976075880465e+01 4.040938653536533565e+01
-1.698505980818890393e+01 1.227411069665813415e+01 4.015010268389688974e+01
-1.650834576736470183e+01 1.312261955307287131e+01 3.989673942294928821e+01
-1.619996452274833842e+01 1.402433524724002822e+01 3.956863080824239631e+01
-1.585583494652972369e+01 1.492411202517957136e+01 3.925297854339309822e+01
-1.561899309049931794e+01 1.582887439649355876e+01 3.889167490742219968e+01
-1.535641533742388987e+01 1.672591369029925090e+01 3.851282471790470652e+01
-1.504606602338371779e+01 1.760828376783151583e+01 3.813182506428943697e+01
-1.488616329177188824e+01 1.849773240939840946e+01 3.769176328130131282e+01
-1.469953561932763542e+01 1.938089706741892115e+01 3.724384059066539976e+01
-1.445149747797710127e+01 2.024908233133536584e+01 3.679639229008334667e+01
-1.434252563564162131e+01 2.111328090560471082e+01 3.628989001286166882e+01
-1.419149196717735606e+01 2.196973815894333626e+01 3.578042145146836361e+01
-1.400367818831583300e+01 2.281278111861823277e+01 3.526451707934440805e+01
-1.392957685410078206e+01 2.364299865601609696e+01 3.469499360162406276e+01
-1.379169193555694051e+01 2.446625997054141166e+01 3.413019744601169236e+01
-1.366318669049175583e+01 2.527371030070202806e+01 3.354437556827524247e+01
-1.360789288705902322e+01 2.606373826483010703e+01 3.291705226746800861e+01
-1.347680210697437175e+01 2.684937404512267634e+01 3.229986402168688642e+01
-1.340047103948225882e+01 2.761171389720637492e+01 3.164595537826247096e+01
-1.335041513629913723e+01 2.835780939063847939e+01 3.096691260833475212e+01
-1.324016043785480790e+01 2.909610630225405004e+01 3.029123667656522301e+01
-1.319447638342725959e+01 2.979935752168340457e+01 2.956895808065040754e+01
-1.310620218203941612e+01 3.051407823095595973e+01 2.886216937878421973e+01
-1.305124393952045381e+01 3.118887991959014627e+01 2.811550812989544568e+01
-1.294986430398563471e+01 3.186241154394601693e+01 2.737042371886702341e+01
-1.289811675374687461e+01 3.250027799696467667e+01 2.659297653007335427e+01
-1.283683302459512277e+01 3.312739678596625481e+01 2.580555472237376691e+01
-1.275383512793687935e+01 3.374509372069081081e+01 2.501264010414263339e+01
-1.272572478762083925e+01 3.432031500576700722e+01 2.418597143354459433e+01
-1.265907524400387985e+01 3.489810436125060988e+01 2.336162542649151419e+01
-1.260056117980628088e+01 3.545142830949949797e+01 2.252172225700156005e+01
-1.257746578923846847e+01 3.596805943367371583e+01 2.165636974797261161e+01
-1.251394362067277655e+01 3.649018588143424324e+01 2.079560443699563166e+01
-1.248301266843616553e+01 3.697034196416890239e+01 1.991086708830561847e+01
-1.245144892388532654e+01 3.743439506711870024e+01 1.901610231071582646e+01
-1.239932988646014600e+01 3.789240575188002680e+01 1.811957537389111650e+01
-1.238616060568237920e+01 3.829919504037602707e+01 1.719774531684918273e+01
-1.234730252821085372e+01 3.871012568554586153e+01 1.627743230904330218e+01
-1.231335655810201146e+01 3.909355775991052440e+01 1.534654503359361755e+01
-1.230243601327528680e+01 3.943585581917576377e+01 1.439821872864154173e+01
-1.226514209962344815e+01 3.978590374672162255e+01 1.345322957464869340e+01
-1.224980790834909428e+01 4.008725823222690110e+01 1.249222976969739385e+01
-1.223291596578310880e+01 4.037370213151228171e+01 1.152537814791308435e+01
-1.220469746056062377e+01 4.065234012660640417e+01 1.055726899867078039e+01
-1.219960543652957163e+01 4.087511343355141236e+01 9.574324536588793677e+00
-1.217950709289185696e+01 4.110516278461140871e+01 8.592549995221073544e+00
-1.216423340994898439e+01 4.130097269036223651e+01 7.604625632551627490e+00
-1.215962300402619256e+01 4.145842329269363091e+01 6.608600557498990113e+00
-1.214318552088140635e+01 4.162263752454626342e+01 5.613993961675562971e+00
-1.213819563413717795e+01 4.173167207309989379e+01 4.612477893362546766e+00
-1.213228318145057294e+01 4.183254826391678449e+01 3.608961186697999590e+00
-1.212339821479885238e+01 4.191880015110346136e+01 2.605127680016845471e+00
-1.212285431038051975e+01 4.195000366600493891e+01 1.597508087738835680e+00
-1.211961671303391341e+01 4.199155657759420279e+01 5.898946985427508949e-01
-1.211746149501475678e+01 4.198983062133912370e+01 -4.173577603696538296e-01
-1.211930933204456018e+01 4.195910826842072794e+01 -1.425395602849090393e+00
-1.212176978189819110e+01 4.192991911209168165e+01 -2.432945422500473409e+00
-1.212274544425871348e+01 4.184194005872546995e+01 -3.436789534327643558e+00
-1.213026943319925977e+01 4.175538227889014564e+01 -4.441630586166675165e+00
-1.213669016657866351e+01 4.164314965374301636e+01 -5.442709590443348233e+00
-1.214106352131653743e+01 4.148419357551505016e+01 -6.438392721622266279e+00
-1.215648439604811593e+01 4.133497353605687863e+01 -7.435503052082951925e+00
-1.216233938160826078e+01 4.113431354068204371e+01 -8.422656816441500993e+00
-1.217610700252532752e+01 4.091907191549790923e+01 -9.407877541096475227e+00
-1.219624308957149772e+01 4.069501302359098815e+01 -1.039016315456338013e+01
-1.220188786501658917e+01 4.041522548802049641e+01 -1.135853019387751317e+01
-1.222918817689367543e+01 4.014437882500632071e+01 -1.232965516553228014e+01
-1.224621855467464648e+01 3.983550362764236752e+01 -1.328821357521101376e+01
-1.226245376938741138e+01 3.949592622554615673e+01 -1.423758006339467919e+01
-1.229898980863827873e+01 3.915898214479090456e+01 -1.518705465806863231e+01
-1.230971848297890681e+01 3.876758136167251223e+01 -1.611548691296528091e+01
-1.234657111854975575e+01 3.837712238051108216e+01 -1.704471386557151646e+01
-1.238153638002390622e+01 3.796336650099916454e+01 -1.796257583935899760e+01
-1.239929382793921064e+01 3.750736489604124557e+01 -1.886156110423554111e+01
-1.245342794064200653e+01 3.705934907222257380e+01 -1.976354037984435408e+01
-1.247644667527535667e+01 3.656465620845902720e+01 -2.064067609390543367e+01
-1.252138552132685767e+01 3.606047751725923689e+01 -2.151292816891804094e+01
-1.257954958290408776e+01 3.554486772652135329e+01 -2.237699883141263513e+01
-1.260268483421102026e+01 3.498297866652327315e+01 -2.321339626704233794e+01
-1.267603290106368341e+01 3.442910321275684282e+01 -2.405352305357382292e+01
-1.272030528301374019e+01 3.383866095402877505e+01 -2.486822896278362549e+01
-1.277505993600842871e+01 3.322997979306146021e+01 -2.567015722359052887e+01
-1.286086917335001445e+01 3.261733300240891253e+01 -2.646680712233415989e+01
-1.289849093581957007e+01 3.196093823566260994e+01 -2.723018292165944843e+01
-1.299602351565112635e+01 3.130965451052483317e+01 -2.799513609609799758e+01
-1.307141356954528177e+01 3.063135250988928604e+01 -2.873619770977700938e+01
-1.315487608259544672e+01 2.992131936371224299e+01 -2.944628323538567116e+01
-1.320940515982405117e+01 2.920900711029694463e+01 -3.015834274450684660e+01
-1.330298391727603224e+01 2.849536031721027385e+01 -3.086266476233229383e+01
-1.334854552515339599e+01 2.773898738285593168e+01 -3.152927395446369019e+01
-1.342379251138617313e+01 2.697481916222905340e+01 -3.218262136143609808e+01
-1.353076890192393300e+01 2.620585146889972350e+01 -3.282388220066567186e+01
-1.358075939572019486e+01 2.540024669718184569e+01 -3.343118853892141118e+01
-1.372634274586472891e+01 2.460910613195557772e+01 -3.403710508967800763e+01
-1.380090051439410104e+01 2.378072443232446176e+01 -3.460805306459922548e+01
-1.390972459905616354e+01 2.294644724825310433e+01 -3.516196312351299724e+01
-1.407610824313323405e+01 2.211520939137635011e+01 -3.570480395684527508e+01
-1.415496164376303057e+01 2.124377044576415230e+01 -3.620902358739921567e+01
-1.437376606931840861e+01 2.039852378237482711e+01 -3.671109011619601858e+01
-1.450084302642821754e+01 1.951402744465874051e+01 -3.717692053862365498e+01
-1.468793244412741750e+01 1.863397766881319129e+01 -3.762414921244034360e+01
-1.494954576756909503e+01 1.776265496450252002e+01 -3.805736144461762649e+01
-1.510405956413797313e+01 1.684957893428801157e+01 -3.845092387981042492e+01
-1.545971252643881755e+01 1.598514081348428917e+01 -3.883837291706242212e+01
-1.569284704711393807e+01 1.507300759664858880e+01 -3.919019837811476492e+01
-1.608091364622526598e+01 1.419708010259151543e+01 -3.950572011583087573e+01
-1.634683100002593292e+01 1.328060497110227622e+01 -3.983540904422389417e+01
-1.674098466147288988e+01 1.240078956855307091e+01 -4.012479741745338657e+01
-1.703251995535696395e+01 1.146724252501291019e+01 -4.038401296924271122e+01
-1.759958089513803614e+01 1.067312340869133003e+01 -4.061941890109316944e+01
-1.802565020684196995e+01 9.782534208771901163e+00 -4.083005879832705887e+01
-1.868004237041600746e+01 9.050115829438015069e+00 -4.099144354582539762e+01
-1.929479163060419822e+01 8.266928291866245004e+00 -4.116702920299078272e+01
-2.003584287060718339e+01 7.600794552356555656e+00 -4.130476626720147237e+01
-2.068579442024750747e+01 6.837632614161075040e+00 -4.142009892231928347e+01
-2.156751882563106193e+01 6.370285638308122778e+00 -4.149302851696185002e+01
-2.240971006066067872e+01 5.818980115391342522e+00 -4.158062505298683931e+01
-2.333002065175874762e+01 5.435266522529706101e+00 -4.164649329182627469e+01
-2.425194229986623995e+01 5.013582702488374565e+00 -4.169298761127394215e+01
-2.522247685494383518e+01 4.763283391930160704e+00 -4.171627317711892147e+01
-2.617297955344025695e+01 4.418548881586626287e+00 -4.174882077113628043e+01
-2.714764937747503026e+01 4.189109512593079288e+00 -4.177040477198797674e+01
-2.814923308255452028e+01 4.057645508752042218e+00 -4.178285834078187833e+01
-2.913724335617318673e+01 3.860309283946826042e+00 -4.180150591726805231e+01
-3.013934809314599761e+01 3.760926131501182379e+00 -4.181089856022594375e+01
-3.114613991028963724e+01 3.691016393200335255e+00 -4.181750903107266026e+01
-3.215047296308758717e+01 3.607649989322180062e+00 -4.182538898287415918e+01
-3.315775707657665805e+01 3.561836455823665037e+00 -4.182971968822167952e+01
-3.416570252348792280e+01 3.560505497997398461e+00 -4.182984567263930131e+01
-3.517428065863146713e+01 3.556634913472849657e+00 -4.183021133936655644e+01
-3.618272903049424372e+01 3.547625515151592523e+00 -4.183106287076974183e+01
-3.718698588769953517e+01 3.619009235534175417e+00 -4.182431596526623707e+01
-3.819344542059331360e+01 3.685862148848331188e+00 -4.181799383656749569e+01
-3.920177504706458649e+01 3.713890029148589456e+00 -4.181534328542114309e+01
-4.019732368349696827e+01 3.855204882764964314e+00 -4.180199982396659664e+01
-4.119314993421305360e+01 4.015527736172120221e+00 -4.178682359227562415e+01
-4.219956210216388826e+01 4.088820673546192275e+00 -4.177987319584642734e+01
-4.318342092339933203e+01 4.287453537662873515e+00 -4.176133834871760797e+01
-4.415486449034266769e+01 4.567931803854610173e+00 -4.173492320514056786e+01
-4.514688772719335219e+01 4.744241878577091676e+00 -4.171769221307806674e+01
-4.611955820682367602e+01 4.991795944529815898e+00 -4.169741158148194415e+01
-4.705910623387431713e+01 5.369563136375805179e+00 -4.165424175737925339e+01
-4.798792228723471709e+01 5.754987317389813839e+00 -4.159111966655176218e+01
-4.888919851060212096e+01 6.201654339878649225e+00 -4.152597459685136272e+01
-4.975000239689990877e+01 6.730472408950350705e+00 -4.145584726659275532e+01
-5.056263312784182773e+01 7.328884000863321369e+00 -4.136314707947972380e+01
-5.131954924598094436e+01 7.984116953809949457e+00 -4.123078046594159218e+01
-5.201686198486380874e+01 8.701304577138472496e+00 -4.108061708937534462e+01
-5.264857926275412581e+01 9.476694917303307264e+00 -4.091672829931529520e+01
-5.320641894643313208e+01 1.029577903973891750e+01 -4.072028315071827365e+01
-5.368862700345155758e+01 1.114457380101196726e+01 -4.047891769115737048e+01
-5.413842580837607699e+01 1.201271858080974297e+01 -4.022482336070710573e+01
-5.454039875593861808e+01 1.290275452099339404e+01 -3.996968914664581263e+01
-5.477793236492816931e+01 1.382440055212924612e+01 -3.964163185572960657e+01
-5.514544465073626611e+01 1.471561328249674006e+01 -3.933219668623328857e+01
-5.544484688186349786e+01 1.561038159768634159e+01 -3.898911410916639397e+01
-5.559750075432678074e+01 1.652490031596449427e+01 -3.859068624266215863e+01
-5.586868790587548261e+01 1.741824105424107927e+01 -3.820945035833583603e+01
-5.609757048873657936e+01 1.830499546328267968e+01 -3.779813104372408361e+01
-5.620829352688671321e+01 1.919700839806901982e+01 -3.733608435746123178e+01
-5.642042419593430935e+01 2.007416750898499558e+01 -3.688794635839059310e+01
-5.658061724592582920e+01 2.094086066230818943e+01 -3.640497410847562065e+01
-5.666524623137013350e+01 2.180216489038928529e+01 -3.588172280579747309e+01
-5.684346407159377179e+01 2.265187013381082082e+01 -3.537116012774895069e+01
-5.695732764196958442e+01 2.347951575043704509e+01 -3.481144447591946545e+01
-5.703215772295159525e+01 2.430503555561340079e+01 -3.423251398327823836e+01
-5.710558488597201432e+01 2.512190249713217227e+01 -3.364674766692113650e+01
-5.721974046013979631e+01 2.592535534009363829e+01 -3.304489776532389556e+01
-5.730500469751511616e+01 2.670834825354118891e+01 -3.241656130001214819e+01
-5.734423703829396857e+01 2.746939878717462236e+01 -3.175728378060679447e+01
-5.744745005066953780e+01 2.823040113906906612e+01 -3.110152409932357287e+01
-5.748803192054671030e+01 2.895939936858714958e+01 -3.040841818083651305e+01
-5.754292121853871578e+01 2.967935151030741281e+01 -2.970462913341926026e+01
-5.762694166938664608e+01 3.039074714316765835e+01 -2.899450741250228702e+01
-5.764196510060020273e+01 3.106363458455272308e+01 -2.824490265036422798e+01
-5.770865404230013951e+01 3.173947221512307593e+01 -2.749880722301820768e+01
-5.776406891686974632e+01 3.239206345080764748e+01 -2.673343861404481459e+01
-5.777780509244015406e+01 3.301208251380690228e+01 -2.593874227858220038e+01
-5.784418919161565498e+01 3.363711752606757699e+01 -2.514963758658447546e+01
-5.786774733902520751e+01 3.422233391489299237e+01 -2.433048503612464231e+01
-5.789633035688034823e+01 3.479419801425587622e+01 -2.350048666293388067e+01
-5.795073170842547938e+01 3.535947870994321818e+01 -2.266758434760284047e+01
-5.795548575952609127e+01 3.587688143250530715e+01 -2.180284147629820168e+01
-5.799665837849918404e+01 3.639918294401002896e+01 -2.094098024326246232e+01
-5.802953304880071528e+01 3.689382911207436422e+01 -2.006420189116790098e+01
-5.803547560510355652e+01 3.735134390470166466e+01 -1.916573835104554746e+01
-5.807733675411314778e+01 3.781580246920315602e+01 -1.827163636305600392e+01
-5.808919062721219007e+01 3.823343490722963622e+01 -1.735508942767906504e+01
-5.810322504860767623e+01 3.863478418368970324e+01 -1.643018545891636606e+01
-5.813766794617127687e+01 3.903290940282651889e+01 -1.550492302807461797e+01
-5.813889607583129759e+01 3.937608065479534503e+01 -1.455721481416919616e+01
