7.640540993641497636e+00 -3.953977613309283612e+01 -1.414591144317507698e+01
7.588285891255642568e+00 -3.919925180212644023e+01 -1.510646705689722680e+01
7.553926518093533105e+00 -3.880756124283883679e+01 -1.604741811669616425e+01
7.500531641673020999e+00 -3.841316908113544315e+01 -1.698643867018923714e+01
7.451000067938680971e+00 -3.798650808520581990e+01 -1.791156465271968301e+01
7.396272606794926929e+00 -3.754043381658924261e+01 -1.882680015334141643e+01
7.331040281270952086e+00 -3.707756121653074644e+01 -1.973358099071155891e+01
7.262145421586999383e+00 -3.658130410213597372e+01 -2.062080506587135886e+01
6.931859482357346280e+00 -3.609813482814720231e+01 -2.145766026053329512e+01
6.591366187530195653e+00 -3.559889924406738260e+01 -2.227627707014987024e+01
6.226645752835795911e+00 -3.508382026254941621e+01 -2.308737524248228112e+01
5.845972889019290797e+00 -3.451130280655400639e+01 -2.391749028444412062e+01
5.451922652239368894e+00 -3.401954446207083294e+01 -2.462837904858967164e+01
5.245233668701022367e+00 -3.449201452919927391e+01 -2.396675897965782909e+01
5.119062187553585552e+00 -3.516110878624243696e+01 -2.296127403780981169e+01
4.955428041697833130e+00 -3.570320756670807327e+01 -2.211836550727130302e+01
4.822727743902140318e+00 -3.622134455398901309e+01 -2.124438274275273031e+01
4.675786354975111969e+00 -3.672836265649223719e+01 -2.037181862045014924e+01
4.562188668848373041e+00 -3.720125516944273869e+01 -1.947545477520873192e+01
4.432305503604294650e+00 -3.766760952766038884e+01 -1.857793474988579163e+01
4.334033076438333687e+00 -3.809810258035988539e+01 -1.765853153117052088e+01
4.223249721135230672e+00 -3.851978577331222908e+01 -1.673694346620308337e+01
4.135316477557703152e+00 -3.890925160564092522e+01 -1.579825145256774555e+01
4.044591851939483007e+00 -3.928270613950112278e+01 -1.485403611934740020e+01
3.964153754359188486e+00 -3.963199664718024451e+01 -1.389900611692272747e+01
3.893177982130060055e+00 -3.995450987284323929e+01 -1.293436238139612904e+01
3.821211567298190559e+00 -4.026183386807085895e+01 -1.196446609048981813e+01
3.766417377857797621e+00 -4.053379224045060880e+01 -1.098300119975579037e+01
3.705798410873256010e+00 -4.079513938756863922e+01 -9.999141256957834401e+00
3.662321823154181200e+00 -4.101952722001813356e+01 -9.004934408709043936e+00
3.624444519137248744e+00 -4.122181704643730171e+01 -8.006009692375362974e+00
3.608079073946916182e+00 -4.141182131080947926e+01 -7.004348890707472464e+00
3.592230895498562226e+00 -4.157055241760049569e+01 -5.996779019084337747e+00
3.580215732598043488e+00 -4.169917083701592020e+01 -4.985335472502232967e+00
3.567653543322803156e+00 -4.181454585922372758e+01 -3.971875070908412297e+00
3.561090470754431081e+00 -4.189194972620412472e+01 -2.955008994434857872e+00
3.553930566336946928e+00 -4.195765296715501336e+01 -1.937272802362118407e+00
3.551667070309426855e+00 -4.198830448467104759e+01 -9.177095455358924569e-01
3.550475042158408812e+00 -4.199787395370502452e+01 1.019005470948937675e-01
3.552509202732577087e+00 -4.198629291837761457e+01 1.121949040671614162e+00
3.556363708436235616e+00 -4.194094902535616143e+01 2.140635968749730722e+00
3.563657541783633587e+00 -4.188399133011996867e+01 3.159040026372310628e+00
3.572333230200603005e+00 -4.178888950958238979e+01 4.174467960616278894e+00
3.584547037560473548e+00 -4.167962648729356090e+01 5.188313448536741035e+00
3.599085446630847063e+00 -4.154006777638838344e+01 6.198698413237488936e+00
3.614489937180194179e+00 -4.137358697939139063e+01 7.204528130083284410e+00
3.635961307541641929e+00 -4.118257476989137444e+01 8.206105542568991496e+00
3.679701249543525954e+00 -4.098165470529177412e+01 9.204839982170614832e+00
3.728838860572455616e+00 -4.073979377007128733e+01 1.019462662867871572e+01
3.785705989007838390e+00 -4.048353471875820020e+01 1.117991220942692543e+01
3.849094163866507934e+00 -4.020200648817112921e+01 1.215829133109254023e+01
3.914472120383138964e+00 -3.988990590932768754e+01 1.312694410988205718e+01
3.992634209585927074e+00 -3.956672058793398605e+01 1.409104614362352592e+01
4.069672024728724580e+00 -3.920646532992420674e+01 1.504220947663496588e+01
4.159539418351209328e+00 -3.883471950027727360e+01 1.598735466247885029e+01
4.256097501576438624e+00 -3.843788249255285905e+01 1.692200635377405504e+01
4.353536419529084434e+00 -3.801203747355563678e+01 1.784337586753183302e+01
4.470632127433148639e+00 -3.757789970898699039e+01 1.875871603306544344e+01
4.583012141827775388e+00 -3.710771030122618441e+01 1.965677613962395043e+01
4.712224930457221461e+00 -3.662617428373578576e+01 2.054607819175924988e+01
4.851812696839036931e+00 -3.612358700125949440e+01 2.142294287961540533e+01
4.990296632860009574e+00 -3.559217975201075035e+01 2.228291339503662982e+01
5.156010335663710364e+00 -3.505422055585854935e+01 2.313615128225794848e+01
5.296259275684055190e+00 -3.439901929749667175e+01 2.407900124959019905e+01
5.533764751995096987e+00 -3.406715532031173410e+01 2.456338120678499592e+01
5.945390248374759601e+00 -3.462839363028028572e+01 2.376514508183111829e+01
6.344906067246776971e+00 -3.526792609215995355e+01 2.279939507469483928e+01
6.699289049582175082e+00 -3.575181023590672424e+01 2.203350883675363647e+01
7.094203605385442479e+00 -3.624248743160740815e+01 2.121195820833720447e+01
7.299243410859949321e+00 -3.673745857805418780e+01 2.035659434029038550e+01
7.357098503267627265e+00 -3.721893211530639434e+01 1.945890130826820297e+01
7.414503831695575364e+00 -3.767835602616788293e+01 1.855045035497171568e+01
7.472114379559223529e+00 -3.811990629362377803e+01 1.763263602807159813e+01
7.517196101780913686e+00 -3.853045255724047280e+01 1.670044114701044791e+01
7.571360298652210830e+00 -3.893102049470407877e+01 1.576388556535158969e+01
7.608331549033061414e+00 -3.929475375768516443e+01 1.481189375214721160e+01
7.654692700547901296e+00 -3.964889709900892711e+01 1.385667403706909795e+01
7.687622023316619035e+00 -3.996879325556462703e+01 1.288871603132510835e+01
7.722758827394559766e+00 -4.027046711144714664e+01 1.191545032726591025e+01
7.754579087821037220e+00 -4.054981099804682287e+01 1.093489637435366646e+01
7.779348171367442610e+00 -4.079749773425897530e+01 9.946179225234141441e+00
7.808719493733422112e+00 -4.103471039868754389e+01 8.954593897562560301e+00
7.826695040220754684e+00 -4.123191146671563700e+01 7.954205626177495603e+00
7.849791026670844829e+00 -4.142009237322174897e+01 6.952244550718420513e+00
7.864077675626882424e+00 -4.157198311107337929e+01 5.943714503592637755e+00
7.878758334257889295e+00 -4.170448181342032257e+01 4.932930578164189228e+00
7.890567580028911898e+00 -4.181500356797980089e+01 3.918949538466735660e+00
7.897840608157511433e+00 -4.189122261704368100e+01 2.902212792023912691e+00
7.905683208446154353e+00 -4.195799034711027531e+01 1.884503320540796611e+00
7.907654777367697285e+00 -4.198329942726525132e+01 8.649521269395373801e-01
7.909620197110999840e+00 -4.199802775430153901e+01 -1.546030201471950694e-01
7.907228205481896310e+00 -4.197922632502685047e+01 -1.174465558895001260e+00
7.903388018608497489e+00 -4.193634991810753831e+01 -2.193097050466735531e+00
7.895944149376653343e+00 -4.187632281585215566e+01 -3.211332329232424954e+00
7.887194521269613290e+00 -4.177820185961998334e+01 -4.226273271722766012e+00
7.874020213438749138e+00 -4.167193326294616185e+01 -5.240470570416135843e+00
7.859971811954776122e+00 -4.152603867105224822e+01 -6.249840135236310878e+00
7.842326967568643781e+00 -4.136470305844635931e+01 -7.256424464188976131e+00
7.821112392766125687e+00 -4.117773745937898866e+01 -8.258973954301239928e+00
7.800271870925421958e+00 -4.095967009054925256e+01 -9.254765134851744790e+00
7.770974174634707410e+00 -4.073106366796164934e+01 -1.024835367015871590e+01
7.745267032995716505e+00 -4.046298489638255091e+01 -1.123199294952157246e+01
7.710818659444688805e+00 -4.018429567908272304e+01 -1.221227890956682671e+01
7.677250940485872199e+00 -3.987280423512697070e+01 -1.318295108631465418e+01
7.640540993641497636e+00 -3.953977613309282901e+01 -1.414591144317507343e+01
