5.871269578776353626e+01 3.322567242987695124e+01 -2.567907438842880197e+01
5.875434316034249349e+01 3.383986144321409739e+01 -2.488472692329042957e+01
5.875770354562464348e+01 3.441525487892547375e+01 -2.406146367059079338e+01
5.878875819071549103e+01 3.498684258328421492e+01 -2.323608207398766368e+01
5.879874970340096496e+01 3.552730162722736651e+01 -2.238940248848546943e+01
5.882078619692512689e+01 3.605484982919900716e+01 -2.153526187231313571e+01
5.883669331247233458e+01 3.655967664117007843e+01 -2.066683765376417981e+01
5.884815186826028821e+01 3.703981253501876836e+01 -1.978502648007402343e+01
5.886932683168621594e+01 3.750831453413562144e+01 -1.889657894193445742e+01
5.887436446034081428e+01 3.794192899771830696e+01 -1.799069908216253211e+01
5.889546405215719460e+01 3.836934543931353403e+01 -1.708194555311791163e+01
5.890001417303143683e+01 3.876012503698428446e+01 -1.615653482965437249e+01
5.891517063471431470e+01 3.913962192236532189e+01 -1.522690913472005292e+01
5.892337704653672859e+01 3.949133102584002586e+01 -1.428586798953939407e+01
5.893122908857953490e+01 3.981920552941736702e+01 -1.333679209287722500e+01
5.894302720215114277e+01 4.013221070145316105e+01 -1.238222759643296556e+01
5.894592932384740891e+01 4.040914206965814515e+01 -1.141685052196356942e+01
5.895808531787613305e+01 4.067935291851993185e+01 -1.044946477638782945e+01
5.895998329476534394e+01 4.090989946758841000e+01 -9.471731382875251626e+00
5.896865203167297409e+01 4.113010915512258237e+01 -8.491960398405151267e+00
5.897214670312634865e+01 4.131921019501591275e+01 -7.505254156365205986e+00
5.897645840088578950e+01 4.148525165595675901e+01 -6.514922603051612526e+00
5.898134993900295342e+01 4.163416952407192184e+01 -5.521375733696535448e+00
5.898272413445603490e+01 4.174667978784835753e+01 -4.523387646633428183e+00
5.898719129322067545e+01 4.185188353001377948e+01 -3.524419365767718304e+00
5.898758163642254715e+01 4.191600694569787322e+01 -2.521924468225397842e+00
5.899006031779148174e+01 4.197031914393138408e+01 -1.519129580653650224e+00
5.899016544758969616e+01 4.199190092667118535e+01 -5.146872202853627343e-01
5.899089717548942247e+01 4.199102460546752269e+01 4.894833484062252049e-01
5.898995538524599169e+01 4.197198141992446807e+01 1.493966009246846305e+00
5.898990677289604889e+01 4.191677070005821548e+01 2.496754521500780033e+00
5.898718049943986586e+01 4.185399849969893893e+01 3.499296884039584832e+00
5.898637270666441168e+01 4.175011327344323320e+01 4.498448801072698622e+00
5.898267434474967530e+01 4.163664861984349130e+01 5.496282300337769655e+00
5.897964508322172605e+01 4.149048742740209406e+01 6.490257119335235636e+00
5.897667551997237467e+01 4.132227819239022182e+01 7.480231415700147046e+00
5.896988190404501040e+01 4.113616098426668088e+01 8.467476817051197813e+00
5.896826889853819154e+01 4.091457531632276101e+01 9.447030156470809459e+00
5.895804418379202616e+01 4.068565059902577019e+01 1.042505138606977155e+01
5.895570580485584600e+01 4.041685383339853388e+01 1.139295016911411906e+01
5.894549964796676988e+01 4.013846702218959450e+01 1.235779923206501785e+01
5.893861434993144144e+01 3.982905998160440930e+01 1.331359309228053434e+01
5.893171393369155453e+01 3.949780808362433504e+01 1.426150895987732703e+01
5.891791540757706969e+01 3.915020869558430405e+01 1.520400340905876391e+01
5.891428577403694078e+01 3.876830073634768326e+01 1.613284842163362853e+01
5.889536351828682825e+01 3.837968215187237320e+01 1.705893989214476036e+01
5.889033010587172612e+01 3.795373467203312146e+01 1.796866508249843619e+01
5.887289274030803199e+01 3.751789862593249580e+01 1.887322350977880348e+01
5.886009964011329743e+01 3.705434572706953134e+01 1.976440732147893797e+01
5.884885169894341317e+01 3.656895021278279501e+01 2.064334045534743467e+01
5.882531624617690369e+01 3.606999810163824804e+01 2.151499770507367160e+01
5.881843284069125133e+01 3.553849911551911589e+01 2.236708737404297764e+01
5.878854846501634057e+01 3.500101269936592985e+01 2.321517643490332716e+01
5.877807011361127110e+01 3.443019078075644046e+01 2.404163135670642859e+01
5.875223560595646433e+01 3.384875957341886021e+01 2.485995825865194675e+01
5.872905431203950144e+01 3.324458107201704848e+01 2.566220333385644992e+01
5.871247618768530430e+01 3.261841928832625825e+01 2.644693756257293416e+01
5.867387400055579860e+01 3.198245707174899621e+01 2.722376621500010074e+01
5.866031707316031429e+01 3.131661532801785697e+01 2.797541532240488849e+01
5.861585353495368622e+01 3.064511284360261101e+01 2.872122789776393503e+01
5.859349302258473102e+01 2.994600893808035025e+01 2.944203101790101229e+01
5.855755374675135982e+01 2.923492470002159038e+01 3.015005351094449182e+01
5.851420016507870514e+01 2.850783104605633511e+01 3.084195835617905956e+01
5.848805020671625954e+01 2.775896309041416643e+01 3.151018486887842229e+01
5.842542893947772598e+01 2.700383257700202577e+01 3.217037129188834399e+01
5.839539885796313001e+01 2.622326088227778840e+01 3.280132107176777367e+01
5.833094860275873828e+01 2.543627828489721665e+01 3.342251932873875830e+01
5.828009138190589056e+01 2.462973042013758374e+01 3.401897990398310867e+01
5.822749182934478540e+01 2.380912975158225109e+01 3.459504642234445271e+01
5.816115178303841304e+01 2.297377947398586073e+01 3.515002383347356840e+01
5.807406157481753439e+01 2.213586913005902090e+01 3.569577809251470057e+01
5.801804150339236088e+01 2.127283003738595824e+01 3.620837465337454830e+01
5.792025588302413297e+01 2.040708613318412290e+01 3.670705766931756386e+01
5.782029241683274279e+01 1.952857097073698966e+01 3.718241881198550658e+01
5.773656143836781496e+01 1.863424870881827289e+01 3.763243359002805022e+01
5.758784081588226655e+01 1.774289472831173597e+01 3.806859485847822100e+01
5.749254941256231888e+01 1.682805992288865582e+01 3.847240182065595349e+01
5.732343892566431975e+01 1.591919998768817912e+01 3.886237499734524192e+01
5.715095486853227413e+01 1.500125046484115643e+01 3.922624349692186740e+01
5.698951460831652582e+01 1.407073934898124001e+01 3.956409262891613565e+01
5.671591162166363631e+01 1.315871462055466168e+01 3.988638809498849724e+01
5.648595568463355221e+01 1.222774378384839622e+01 4.017079364381121565e+01
5.616759441656782315e+01 1.131541848300744491e+01 4.044665850424496512e+01
5.585422205282462471e+01 1.038936734171678289e+01 4.068661871812707886e+01
5.538390313411278498e+01 9.532933957112541989e+00 4.090364868931700215e+01
5.493530433648093236e+01 8.663196286761621678e+00 4.108657208959542828e+01
5.432052328230246729e+01 7.883787176613701320e+00 4.125322493921017752e+01
5.369173909510620746e+01 7.109590707628584028e+00 4.138553431167646579e+01
5.290031182838013990e+01 6.506262862037078598e+00 4.148652430428795412e+01
5.206791619586928022e+01 5.951632252744250451e+00 4.157512419290993222e+01
5.120455000092207598e+01 5.454987927632950928e+00 4.163510853798021571e+01
5.028443982044655058e+01 5.053334351406408409e+00 4.168616352116889345e+01
4.932267162103823210e+01 4.769200599478800484e+00 4.172209884729431195e+01
4.835798240381193835e+01 4.496603645349499523e+00 4.175767212714164600e+01
4.737784064724908006e+01 4.273851799050577327e+00 4.177969415171153855e+01
4.639128627411000139e+01 4.083983948335657033e+00 4.179566084606434373e+01
4.539876202702352259e+01 3.937056170987943471e+00 4.180797896878290487e+01
4.440709584865403770e+01 3.776463628050579224e+00 4.182146403412785673e+01
4.340793760569980009e+01 3.675619868044822880e+00 4.182993190333804989e+01
4.241132336878765585e+01 3.553043379836603233e+00 4.184022476839499660e+01
4.141092476733685146e+01 3.463536909271968334e+00 4.184774078478017856e+01
4.041054244717689414e+01 3.377187585752981391e+00 4.185499166922976144e+01
3.940990248683526431e+01 3.290428550577360056e+00 4.186227696041922286e+01
3.840729233293599520e+01 3.230400406146980430e+00 4.186731763176588572e+01
3.740568968051016441e+01 3.155604132892245506e+00 4.187359846143228737e+01
3.640213928231685259e+01 3.110463055802545007e+00 4.187738899704741868e+01
3.539916777806678283e+01 3.056733162656504188e+00 4.188189842434393739e+01
3.439509779888324914e+01 3.025316153342176406e+00 4.188453501473382801e+01
3.339099544972331302e+01 2.995553740474404592e+00 4.188703428368096127e+01
3.238656287313050797e+01 2.988834820245338086e+00 4.188759844469480242e+01
3.138183264364448277e+01 2.981373433180021237e+00 4.188822499042854020e+01
3.037800135957663272e+01 3.012420888112687489e+00 4.188561788559069754e+01
2.937324354638214174e+01 3.030317236015211524e+00 4.188411509938768518e+01
2.837220985895196890e+01 3.110482813159399562e+00 4.187738346039329684e+01
2.736902686713372645e+01 3.165031059429476823e+00 4.187280295415558129e+01
2.637501428545723314e+01 3.308102324642571812e+00 4.186078886780617836e+01
2.537688816837118821e+01 3.414037187722616551e+00 4.185189377752926276e+01
2.439826028090437759e+01 3.641083512961895696e+00 4.183282790557360897e+01
2.341029305938338112e+01 3.811598392289799797e+00 4.181852065040524735e+01
2.245973431815015431e+01 4.140993075333011753e+00 4.179090506546000938e+01
2.150530866615423875e+01 4.448052564580795121e+00 4.176448457642435841e+01
2.059525561275681227e+01 4.874134339195578924e+00 4.171097840457409944e+01
1.972384813191603570e+01 5.363959427910812039e+00 4.164826934643374301e+01
1.892034103097191533e+01 5.965067435738867552e+00 4.157465489717952067e+01
1.818648108858282697e+01 6.642339064826448869e+00 4.146371024765864632e+01
1.752775286752748229e+01 7.393100021666136890e+00 4.134152369244571190e+01
1.696690075364772099e+01 8.210025998290650051e+00 4.118666271611242991e+01
1.647763387957428449e+01 9.067647994312062920e+00 4.100040970998836798e+01
1.607873340276211493e+01 9.963138833245777093e+00 4.079436877263045602e+01
1.567109874793006696e+01 1.085597108730671678e+01 4.057080439903442226e+01
1.535990658039353285e+01 1.177073221196415886e+01 4.031169221891243382e+01
1.507951586266776900e+01 1.269378754379725294e+01 4.003162662438064245e+01
1.481746171946907076e+01 1.361230469851972380e+01 3.973040848437872086e+01
1.461272457956708948e+01 1.454034517931510173e+01 3.940037714205183761e+01
1.440063181070945575e+01 1.545712408284078165e+01 3.904569305193621886e+01
1.422367901467596774e+01 1.637178280099715266e+01 3.867591939581436122e+01
1.406750229932616492e+01 1.728017776363060065e+01 3.827706861356007551e+01
1.392505180786336005e+01 1.817948021531672609e+01 3.785642068797746873e+01
1.378750038810028755e+01 1.907194289615684824e+01 3.741694149775126732e+01
1.368210948475283395e+01 1.995342095974295660e+01 3.694972244781159532e+01
1.355555197269866952e+01 2.082708858816594244e+01 3.647085878996387009e+01
1.348091813425673813e+01 2.168695301886835836e+01 3.595815208964270937e+01
1.336481254509264005e+01 2.253930141328028114e+01 3.543999815108260520e+01
1.331108044984439687e+01 2.337461351681265143e+01 3.488440274968002086e+01
1.321041702865138312e+01 2.420263083147866823e+01 3.432563500359706410e+01
1.316471601006403880e+01 2.501178079812112998e+01 3.373141655178699239e+01
1.308371217368735806e+01 2.581210613169065482e+01 3.313100431721196770e+01
1.303593513535208714e+01 2.659444502740165106e+01 3.250227714347706609e+01
1.297755974683693481e+01 2.736351977280432379e+01 3.185967634192844500e+01
1.292337410251043828e+01 2.811838075172879314e+01 3.119908076245802420e+01
1.288660348424006763e+01 2.885319366224155146e+01 3.051526475173135822e+01
1.283131407928418355e+01 2.957800840025364053e+01 2.982217848999937715e+01
1.280674728595389489e+01 3.027785390424182310e+01 2.910142372124689558e+01
1.275584739709810300e+01 3.096708981149386375e+01 2.837307174761873441e+01
1.273048319627099545e+01 3.163312637191765475e+01 2.762087403293623922e+01
1.269432726652048871e+01 3.228693199377772061e+01 2.685903334444205015e+01
1.265500677007825558e+01 3.292071502505137204e+01 2.608086253546456135e+01
1.262162297062698890e+01 3.353502965474837794e+01 2.528651993191527936e+01
1.259614446482502359e+01 3.412630773474731427e+01 2.447528200896181971e+01
1.255877185336526125e+01 3.470653273330523092e+01 2.365574904127741007e+01
1.254114542853535497e+01 3.525612306136792995e+01 2.281538050192708056e+01
1.250577765113006379e+01 3.579790613305644342e+01 2.197001208873585654e+01
1.249066810571512676e+01 3.630724535594200120e+01 2.110437884956538568e+01
1.246273470044115683e+01 3.680540339953533646e+01 2.023267139985409457e+01
1.244553155261747435e+01 3.727660000783522776e+01 1.934554989704494332e+01
1.242800332260881824e+01 3.772659326740119212e+01 1.844801030761808391e+01
1.240646526682264650e+01 3.816102090385778922e+01 1.754231653620679054e+01
1.239605571918874993e+01 3.856331190249601804e+01 1.662221533263334905e+01
1.237400435877214733e+01 3.895728816730476751e+01 1.569830553503535420e+01
1.236631118857438771e+01 3.931450884653102662e+01 1.475954119749441062e+01
1.234840160962133027e+01 3.966214050819569792e+01 1.381738180442125952e+01
1.233993947699273441e+01 3.997751344347821600e+01 1.286356687787770881e+01
1.232883611883424635e+01 4.027343073367935489e+01 1.190401959572926494e+01
1.231782175158414105e+01 4.054960028892725177e+01 1.093807976135687987e+01
1.231204987279103769e+01 4.079351878882627602e+01 9.963921149206829142e+00
1.230047627130021226e+01 4.102803925587978284e+01 8.987116349323203579e+00
1.229704257616133134e+01 4.122350710626751891e+01 8.001873624590972511e+00
1.228800136507670437e+01 4.141013499871453973e+01 7.014990882746992895e+00
1.228484609051556298e+01 4.156136022843901401e+01 6.021806098116790906e+00
1.227976256206733296e+01 4.169428196800544129e+01 5.026438473675616692e+00
1.227619953174518841e+01 4.180483811280796402e+01 4.027841163273579994e+00
1.227415725136248170e+01 4.188344769204698537e+01 3.026679706876651998e+00
1.227137080332226660e+01 4.195178536199792774e+01 2.024380567305904322e+00
1.227094371997398170e+01 4.198025599036476052e+01 1.020340204745326940e+00
1.227012046311753579e+01 4.200015568707606661e+01 1.611600845411292893e-02
1.227091847189650053e+01 4.198345686003867172e+01 -9.883792151245724966e-01
1.227174382401611119e+01 4.194902597671554645e+01 -1.992010781220707738e+00
1.227449657555060014e+01 4.189138634536045203e+01 -2.995058006393991334e+00
1.227603720163462420e+01 4.180221013178853440e+01 -3.995333103334172797e+00
1.228155259303954772e+01 4.170253605113474293e+01 -4.994995706062103302e+00
1.228399181800024209e+01 4.156336219622212980e+01 -5.989744685126393797e+00
1.229139850781072951e+01 4.141560944258522881e+01 -6.983216849611187271e+00
1.229621832733213438e+01 4.123190567659872130e+01 -7.970895407937951482e+00
1.230315636875095109e+01 4.103048920771939834e+01 -8.954683853266876881e+00
1.231269671931069709e+01 4.080681776606596145e+01 -9.934128017179499892e+00
1.231822324424546444e+01 4.055206561473685412e+01 -1.090550599999456516e+01
1.233282276297117086e+01 4.028732888707465065e+01 -1.187453329043422734e+01
1.233899471101317324e+01 3.998457755212941578e+01 -1.283224040908076269e+01
1.235539591883571475e+01 3.967297532643515012e+01 -1.378697511030536305e+01
1.236576393590557466e+01 3.932789179566730553e+01 -1.473041134809575503e+01
1.237940119403404715e+01 3.896455409898920408e+01 -1.566648499385855509e+01
1.239801796795033262e+01 3.858171106056278177e+01 -1.659521044692266756e+01
1.240875535596379109e+01 3.816838908458758794e+01 -1.751039285049903427e+01
1.243463508524095218e+01 3.774607400712651639e+01 -1.842163445141599709e+01
1.244689206439731244e+01 3.728851932505347122e+01 -1.931572155394672308e+01
1.247387990733304264e+01 3.682139964011793154e+01 -2.020452928114871938e+01
1.249353167191700464e+01 3.632520897035808360e+01 -2.107783595614808192e+01
1.251507680233968500e+01 3.580967465599912458e+01 -2.193932641080186841e+01
1.254767775476353719e+01 3.527895920672225571e+01 -2.279188692629463731e+01
1.256670035890141790e+01 3.471887544715477247e+01 -2.362523896933982925e+01
1.260772391004586623e+01 3.415067463333795672e+01 -2.445291572795290591e+01
1.263142407013811308e+01 3.355168185316535556e+01 -2.525886481136292971e+01
1.267144875746850907e+01 3.294165647580572198e+01 -2.605588616918138811e+01
1.270723985179698801e+01 3.230192869002977574e+01 -2.682927004656576386e+01
1.274767806478071996e+01 3.166068099392532886e+01 -2.760138950743444752e+01
1.276978198319194746e+01 3.098663849902653666e+01 -2.834625778813066077e+01
1.281790955426580503e+01 3.030533475067236893e+01 -2.908254083725861960e+01
1.284399511085762668e+01 2.959613630948170737e+01 -2.979408875888367447e+01
1.289367783882717866e+01 2.887896951799996614e+01 -3.049516822641404090e+01
1.293953225851124067e+01 2.814191497642703865e+01 -3.117617763565011657e+01
1.297967423379411045e+01 2.738651007746817356e+01 -3.183698504983217248e+01
1.304775010114981804e+01 2.662309670528293992e+01 -3.248583152570085986e+01
1.308397293456268962e+01 2.583347897109003810e+01 -3.310635830690396375e+01
1.316297303830646648e+01 2.504108383748740607e+01 -3.371778331877190737e+01
1.321983316387423457e+01 2.422631104270644542e+01 -3.430248529384660117e+01
1.329219470467337061e+01 2.340152007452832450e+01 -3.487027033635416728e+01
1.338813016398768418e+01 2.256759893887908319e+01 -3.542102397025830385e+01
1.344944615052418335e+01 2.171136736968522385e+01 -3.594261799848528938e+01
1.357463314109893204e+01 2.085684691178808947e+01 -3.645463509126982871e+01
1.366057409558148805e+01 1.997979123714133465e+01 -3.693550705723279037e+01
1.378401283769042251e+01 1.909903597263616959e+01 -3.740050747349256000e+01
1.393204434308997364e+01 1.821125276089784251e+01 -3.784467290816802176e+01
1.405045661373687516e+01 1.730566211924499598e+01 -3.826014021508498075e+01
1.425750244139003442e+01 1.640821072059446095e+01 -3.866345677826463856e+01
1.442873466216084921e+01 1.549092385745693434e+01 -3.902848530228514079e+01
1.464218253224751187e+01 1.457803977267419882e+01 -3.938994297912385889e+01
1.481333084707377701e+01 1.364136325877500333e+01 -3.971633622229457927e+01
1.508886752195512670e+01 1.272840518532215448e+01 -4.002459624931202598e+01
1.532721386864471924e+01 1.179530230978686234e+01 -4.030252281048062457e+01
1.565292354342649617e+01 1.088225266688531256e+01 -4.055948156139946548e+01
1.607915878870646864e+01 1.000626118070927362e+01 -4.079095197548424068e+01
1.651427500811939808e+01 9.123903247717347398e+00 -4.098915086921572737e+01
1.694588363551338617e+01 8.242128521758980142e+00 -4.117792680309225517e+01
1.750448864252165748e+01 7.422579874470444317e+00 -4.133256064344924141e+01
1.819716602752269097e+01 6.711432555151374046e+00 -4.145201234538636470e+01
1.892103665331482532e+01 6.032681246683859300e+00 -4.156405678207297427e+01
1.968691391389132050e+01 5.403526455249418881e+00 -4.164161182211716294e+01
2.053700701462301481e+01 4.872829013513945817e+00 -4.170903554321072448e+01
2.147064313890120957e+01 4.506816530896852413e+00 -4.175878936698401134e+01
2.240652648090624055e+01 4.142409394288930180e+00 -4.179073806429246929e+01
2.335634402794475406e+01 3.827678699958176445e+00 -4.181715066808020254e+01
2.433374828092371089e+01 3.594792099945114838e+00 -4.183670793342061955e+01
2.532351150442122290e+01 3.433057641461789711e+00 -4.185028871962924768e+01
2.631512596614515687e+01 3.274293738374615792e+00 -4.186362044043126929e+01
2.731596743376336178e+01 3.184856787861100713e+00 -4.187113063313626071e+01
2.831636846897204407e+01 3.097297016677916126e+00 -4.187848318383553448e+01
2.931995733129069492e+01 3.049671069282912761e+00 -4.188248242168570812e+01
3.032378872193961072e+01 3.012260459771439525e+00 -4.188562385889821371e+01
3.132822267892649393e+01 3.002849584720323151e+00 -4.188641410675354848e+01
3.233281924854344425e+01 2.996198269977407680e+00 -4.188697264533096387e+01
3.333695162629274478e+01 3.019729893620926475e+00 -4.188499670636354466e+01
3.434141396935972068e+01 3.034848963179544334e+00 -4.188372728339916762e+01
3.534467251914669106e+01 3.083021687446857673e+00 -4.187968005201120292e+01
3.634855698864235762e+01 3.117134535750933466e+00 -4.187681358753564353e+01
3.735090345896326625e+01 3.181508991735964020e+00 -4.187140798460566060e+01
3.835379738164817098e+01 3.234552099347268062e+00 -4.186695380845959136e+01
3.935545740047814434e+01 3.308527204517810461e+00 -4.186074199024844944e+01
4.035692402491237374e+01 3.381456489320704417e+00 -4.185461799043765296e+01
4.135796423047383996e+01 3.463214414852156864e+00 -4.184775259800317571e+01
4.235730015711720853e+01 3.559394857663119804e+00 -4.183967628584895948e+01
4.335730616418835126e+01 3.652819394963789268e+00 -4.183183085556607494e+01
4.435309986832578488e+01 3.779577734710656056e+00 -4.182118911417398976e+01
4.535072765412859752e+01 3.895150083825452469e+00 -4.181148011007275045e+01
4.634014891041132955e+01 4.064517210712674355e+00 -4.179730791931606859e+01
4.733193651389029100e+01 4.222218874776706876e+00 -4.178405377761703932e+01
4.831210690974464228e+01 4.447161993352476195e+00 -4.176372117142113893e+01
4.927538648113233677e+01 4.720439979163192135e+00 -4.172813284947618229e+01
5.021859506842061194e+01 5.064276995936996428e+00 -4.168392877104859906e+01
5.116189287240455030e+01 5.401233335946225012e+00 -4.164379284137312709e+01
5.204281622025634846e+01 5.883294640866828296e+00 -4.158670232250071308e+01
5.288162412127439183e+01 6.431576097336838771e+00 -4.149986036139046064e+01
5.363608447001219304e+01 7.088751500121690974e+00 -4.139694636994383359e+01
5.430898875647397972e+01 7.829274509898247913e+00 -4.126443082732730971e+01
5.490586608612603214e+01 8.621286121796307711e+00 -4.109972358737923059e+01
5.538533875143215113e+01 9.486857507414390156e+00 -4.091472991753224164e+01
5.574928988937833196e+01 1.039539862593792208e+01 -4.068509280416088814e+01
5.616370938627686371e+01 1.128048740684735840e+01 -4.045671281729628532e+01
5.647787559301808358e+01 1.219616766014356912e+01 -4.018292966377362774e+01
5.670802034129524571e+01 1.312745948211106928e+01 -3.989315553190613173e+01
5.692325459206901428e+01 1.405536505637162747e+01 -3.957486834626793382e+01
5.711355184006443864e+01 1.497822395443180099e+01 -3.923347305950463237e+01
5.728568937997606270e+01 1.589845069630515972e+01 -3.887076807849225446e+01
5.743161351691998817e+01 1.681126696445405955e+01 -3.848259028070535948e+01
5.757960205483070837e+01 1.771802202700096984e+01 -3.807763106088036409e+01
5.768594471754064301e+01 1.861599307317208130e+01 -3.764235667914425676e+01
5.781823693873589320e+01 1.950574208178349878e+01 -3.719636132032926668e+01
5.789336251794309618e+01 2.038451198611260651e+01 -3.671507231179814568e+01
5.800944142504444301e+01 2.125436412982896073e+01 -3.622747366416620451e+01
5.806597161428260279e+01 2.211050718610089660e+01 -3.570319684189044551e+01
5.816004431634065952e+01 2.295411313178010815e+01 -3.516753561879342271e+01
5.822617620573097952e+01 2.379033971150158422e+01 -3.461319057549379608e+01
5.827126753837350748e+01 2.460856200077281386e+01 -3.403267135601827675e+01
5.833185457644436411e+01 2.541500064116257818e+01 -3.343702004142065221e+01
5.838016210031300801e+01 2.620633824591970651e+01 -3.282002844570297384e+01
5.841807473406155538e+01 2.698028030126230803e+01 -3.218167148885148521e+01
5.847369827826061339e+01 2.774494268477929992e+01 -3.153205083908656547e+01
5.849752603310781751e+01 2.848560044904314026e+01 -3.085458200780790250e+01
5.855242856520540329e+01 2.922011398429131646e+01 -3.017106277567824790e+01
5.857095274954568964e+01 2.992759819225241102e+01 -2.945852602682781551e+01
5.861630622350780584e+01 3.062735031704952604e+01 -2.873934236480369009e+01
5.863761864382512812e+01 3.130256359969347102e+01 -2.799597826883668361e+01
5.866749321675283824e+01 3.196296129140555564e+01 -2.724021335736119198e+01
5.869398449564008047e+01 3.260546580351907409e+01 -2.646849117891091652e+01
5.871269578776355047e+01 3.322567242987695835e+01 -2.567907438842880552e+01
