-1.658088883405800118e+01 3.905064392089845171e+01 -1.546115207672119674e+01
-1.658976931275113031e+01 3.862683452555710062e+01 -1.637617692991730323e+01
-1.666764753250834019e+01 3.824933050266114520e+01 -1.730829338547517082e+01
-1.673834048922344664e+01 3.783991686782432851e+01 -1.822590734430406201e+01
-1.678328672047269521e+01 3.737784808050470531e+01 -1.912056444931198840e+01
-1.685991260749311849e+01 3.691849824416384962e+01 -2.001438275627894114e+01
-1.692819850382830893e+01 3.642934954329813735e+01 -2.089192996116313950e+01
-1.698913946690402810e+01 3.590699278225702784e+01 -2.175208773627797854e+01
-1.709233278483872809e+01 3.539375814223607364e+01 -2.261290895438629178e+01
-1.715596219137307443e+01 3.482844592416292073e+01 -2.344475221611461535e+01
-1.725833214546827321e+01 3.426379708125956114e+01 -2.427320443493319857e+01
-1.736148463681902498e+01 3.367887871550193779e+01 -2.508617757288396177e+01
-1.744479581706522353e+01 3.305720600518544927e+01 -2.587521893476277057e+01
-1.758934222495941668e+01 3.244849695963319647e+01 -2.666539284714146518e+01
-1.768190883118596446e+01 3.179037337353991433e+01 -2.742247239877595888e+01
-1.782432788538935498e+01 3.113442825644354173e+01 -2.817399585948291829e+01
-1.797407650855750205e+01 3.046269284720790438e+01 -2.890904491529892439e+01
-1.809550682325757620e+01 2.975534699016808560e+01 -2.961596657448092529e+01
-1.829435132232135430e+01 2.906277080261951795e+01 -3.032180614159315724e+01
-1.843253252613168414e+01 2.832467976671555832e+01 -3.099255780209522015e+01
-1.864193202714540121e+01 2.759496878401189335e+01 -3.165598374181277563e+01
-1.885455657116584760e+01 2.684959120368391083e+01 -3.230002808128529068e+01
-1.906656540181382198e+01 2.607220335259166433e+01 -3.290412540319502455e+01
-1.924849134988861010e+01 2.528739813703546346e+01 -3.351159052326190135e+01
-1.951568506139786052e+01 2.451875744977758131e+01 -3.410316776168338038e+01
-1.972326054295217546e+01 2.370123566647242797e+01 -3.465764792399108529e+01
-2.000265756969911379e+01 2.289912866593425989e+01 -3.519610484983781618e+01
-2.030936138829034476e+01 2.209200649568022712e+01 -3.571396009342969080e+01
-2.058417693485720790e+01 2.125554927262086835e+01 -3.620141519729871504e+01
-2.099527331355129434e+01 2.046586048057529794e+01 -3.667614140899276265e+01
-2.131508539769480137e+01 1.961952268526008325e+01 -3.711716779944132583e+01
-2.177296818979662163e+01 1.882038313271613106e+01 -3.752440654381722140e+01
-2.221223308893837967e+01 1.801182019776596732e+01 -3.793720248916005744e+01
-2.270685349920090346e+01 1.721304453464789219e+01 -3.830357334059775809e+01
-2.318779898363297320e+01 1.639884920400135471e+01 -3.864505043749806390e+01
-2.382972161680591938e+01 1.568774287674758305e+01 -3.895999758332288820e+01
-2.439740311600283817e+01 1.490884515600447813e+01 -3.924907458107124825e+01
-2.510900140726424112e+01 1.423324513189150764e+01 -3.949225468537470363e+01
-2.582502320657810913e+01 1.357194476860159327e+01 -3.973223915981590437e+01
-2.664867087074694396e+01 1.302379602852549567e+01 -3.993008507425420106e+01
-2.743425559274906078e+01 1.242063049623944337e+01 -4.010615558393810431e+01
-2.832890782458059675e+01 1.197158778147732150e+01 -4.023728318696036865e+01
-2.923454964599863715e+01 1.154870464658840135e+01 -4.035979528592844900e+01
-3.017387097616387237e+01 1.119267989019336440e+01 -4.046320756733987167e+01
-3.114877051504669936e+01 1.095192167397421734e+01 -4.053321536788112667e+01
-3.213750987599021158e+01 1.073620729937372253e+01 -4.059587639669886983e+01
-3.313161350874818112e+01 1.056788605917725654e+01 -4.064478400353406329e+01
-3.413775199037835506e+01 1.055083535443766074e+01 -4.064973933645883619e+01
-3.515365374967815626e+01 1.051477790785091848e+01 -4.066021231692750604e+01
-3.615993827531743676e+01 1.054034617716957101e+01 -4.065278442393369573e+01
-3.714404362099532619e+01 1.073663977445153783e+01 -4.059574302317071215e+01
-3.814263727048545150e+01 1.090447636440845613e+01 -4.054687615282546886e+01
-3.912907909209729240e+01 1.109731682787366225e+01 -4.049086807508894736e+01
-4.006521449605262575e+01 1.143168479252897107e+01 -4.039407947291268641e+01
-4.097326997119891701e+01 1.185784955855042888e+01 -4.027032015469089998e+01
-4.191151893517643146e+01 1.222080814831533324e+01 -4.016381459998467562e+01
-4.280606553646994428e+01 1.265449654199490048e+01 -4.004035957213554298e+01
-4.362519961838328442e+01 1.322250589978215984e+01 -3.986477078351803272e+01
-4.442999479864736401e+01 1.379532105103031370e+01 -3.965794935417309119e+01
-4.520030954218806585e+01 1.440151641598674104e+01 -3.943216128160544542e+01
-4.591107222456346193e+01 1.507497649177373411e+01 -3.919387184411745295e+01
-4.654313389748159580e+01 1.580610262194944227e+01 -3.891096761391060710e+01
-4.711812910602183990e+01 1.656391237974465369e+01 -3.857899949411385165e+01
-4.770007912427082886e+01 1.731671107123590048e+01 -3.824496426570779306e+01
-4.829644354334012490e+01 1.805712854661797095e+01 -3.791381877415186352e+01
-4.879137610206374376e+01 1.884478333103999503e+01 -3.751911643308826427e+01
-4.924811901860264385e+01 1.964932243634216746e+01 -3.711734930088403672e+01
-4.963333139669008887e+01 2.046516143681903799e+01 -3.667310723056319688e+01
-4.996678793084294767e+01 2.128245012044781603e+01 -3.618622876258413612e+01
-5.035366991172642059e+01 2.208475799940345397e+01 -3.571413712408067198e+01
-5.073068227153856924e+01 2.287512995693269247e+01 -3.522084106416016169e+01
-5.102192947664734390e+01 2.366834675710370206e+01 -3.467156649746500818e+01
-5.131386528914998735e+01 2.447091718128622162e+01 -3.413123372120406174e+01
-5.153066179520821066e+01 2.525664951343309639e+01 -3.354014032950425417e+01
-5.180193408338035965e+01 2.603307622482134676e+01 -3.295452346665595655e+01
-5.203828688319597973e+01 2.679527112370780628e+01 -3.234148513819778969e+01
-5.219944148209150114e+01 2.754152083472232349e+01 -3.168373534190900997e+01
-5.242930304633151195e+01 2.828418517708712443e+01 -3.104107605115049395e+01
-5.261860254069478060e+01 2.900713541526492634e+01 -3.036784194848765495e+01
-5.275037244006777826e+01 2.971031216925004870e+01 -2.965735194776770811e+01
-5.294767461728926605e+01 3.041260326833094396e+01 -2.896156041128829983e+01
-5.309285736334618377e+01 3.108821810756877468e+01 -2.823030976304684003e+01
-5.320529450797343429e+01 3.174409786820733714e+01 -2.747240656904556744e+01
-5.337443757823397306e+01 3.239992928229860070e+01 -2.672643023842807608e+01
-5.348129628807166114e+01 3.302106750998181184e+01 -2.594096955516777925e+01
-5.358181226347879544e+01 3.362680268163261132e+01 -2.514081972624951078e+01
-5.372035570534934124e+01 3.422868453615786422e+01 -2.434551216018201458e+01
-5.379993698162515159e+01 3.479131145187872676e+01 -2.351284445781427124e+01
-5.389471619938131397e+01 3.534551960597146802e+01 -2.267581072469243963e+01
-5.399930334713507563e+01 3.588480799755766526e+01 -2.183224043556840144e+01
-5.406104384484088143e+01 3.638664789301746794e+01 -2.095937903063581231e+01
-5.414611467550626855e+01 3.688073005938544924e+01 -2.008506123277672017e+01
-5.421635133012755858e+01 3.734202050422666019e+01 -1.919059923342465623e+01
-5.429239599031272689e+01 3.780779082887053022e+01 -1.830046919021389940e+01
-5.433504883080691883e+01 3.822182990666612312e+01 -1.738334766286928712e+01
-5.440196201705150258e+01 3.863651519617013008e+01 -1.646645167186938963e+01
-5.445923820255984538e+01 3.902216079369833324e+01 -1.553780200079872031e+01
-5.449492155486825595e+01 3.937047255765587295e+01 -1.459266630874677872e+01
-5.455251460277770548e+01 3.972255471739614308e+01 -1.364964128160484336e+01
-5.458715805033176593e+01 4.002818797418452590e+01 -1.269082872957516983e+01
-5.462288943080214665e+01 4.031999913032250049e+01 -1.172639872484299595e+01
-5.466683853944504534e+01 4.060176894272920833e+01 -1.075993692777084476e+01
-5.468671556473812245e+01 4.083023237909988268e+01 -9.778952558613196899e+00
-5.471967933754970659e+01 4.106378490754117649e+01 -8.798600833396241327e+00
-5.474711234615293876e+01 4.126578953188190013e+01 -7.812395609085202253e+00
-5.476106603935654249e+01 4.142759332853363929e+01 -6.817574404244272301e+00
-5.478572106213397319e+01 4.159509716459368889e+01 -5.823873473800466272e+00
-5.479779304499454184e+01 4.171081873723782962e+01 -4.823593620113332037e+00
-5.480881347660102421e+01 4.181546244193354056e+01 -3.820833023636684089e+00
-5.482190768230941558e+01 4.190737410229289850e+01 -2.817686788478460436e+00
-5.482441792268441816e+01 4.194409649343322855e+01 -1.810745665027500673e+00
-5.482871116430542457e+01 4.198887430451033254e+01 -8.035167607105500043e-01
-5.483031596428757126e+01 4.199493501377726545e+01 2.034360016211710642e-01
-5.482612631019653548e+01 4.196794922620939161e+01 1.211177027088438329e+00
-5.482045719991539556e+01 4.194304647565830635e+01 2.218671369933794324e+00
-5.481385489757681029e+01 4.186179067805495180e+01 3.222590329829165601e+00
-5.480014729723131950e+01 4.177906356663750387e+01 4.227390391384083124e+00
-5.478528407853249860e+01 4.167381342473230177e+01 5.228984661104497000e+00
-5.477088488085232143e+01 4.151984398936390619e+01 6.224904931809113862e+00
-5.474507310384680636e+01 4.137424670718849029e+01 7.222128036651824345e+00
-5.472545336585631759e+01 4.118052253254427342e+01 8.210130721580116031e+00
-5.469726809264182066e+01 4.097034547303228891e+01 9.195795158720169837e+00
-5.466134382590907137e+01 4.075111885664189515e+01 1.017859558876279635e+01
-5.463656116798926377e+01 4.047800398865467741e+01 1.114810058434788687e+01
-5.459055840861106645e+01 4.021155031413471903e+01 1.211950070390982503e+01
-5.455137389197405184e+01 3.990871292865947595e+01 1.307913647333797869e+01
-5.451045014048480652e+01 3.957602159159554844e+01 1.402982373858351295e+01
-5.445035245574943872e+01 3.924278764738123471e+01 1.497927099733752776e+01
-5.441051719906841555e+01 3.885810073307434465e+01 1.590933952846389410e+01
-5.434342802868648903e+01 3.847429209398011096e+01 1.683945696216693477e+01
-5.427823591959602112e+01 3.806489037083906624e+01 1.775758274285998795e+01
-5.422016642983030010e+01 3.760925031169880128e+01 1.865413831523526511e+01
-5.414150641459231394e+01 3.715341005440714639e+01 1.954961099533253588e+01
-5.406284259849620355e+01 3.669467768252761886e+01 2.044308565174543446e+01
-5.399214058757125656e+01 3.618818383446968312e+01 2.131138502041207516e+01
-5.391313750067805444e+01 3.566178882788291560e+01 2.216775997026891787e+01
-5.380636906136444964e+01 3.513415852446984644e+01 2.301894382288381991e+01
-5.372964097328796385e+01 3.455944770553503531e+01 2.384407395637890659e+01
-5.360619537587705707e+01 3.399214609323042424e+01 2.466764359381872751e+01
-5.350517827356574685e+01 3.338877987448638862e+01 2.546798533453038971e+01
-5.339722846582547078e+01 3.276463111113455540e+01 2.625217836591498255e+01
-5.324489297133511911e+01 3.214527235811958406e+01 2.703162344005217932e+01
-5.314014048408622415e+01 3.147675131384053060e+01 2.777914414856087788e+01
-5.296819103056007094e+01 3.082117217833853928e+01 2.852467602408891878e+01
-5.282387597823696268e+01 3.013183617120826696e+01 2.924436985276250311e+01
-5.266795744216584296e+01 2.942547485252083206e+01 2.994540058241846836e+01
-5.245487300001012443e+01 2.872658456408267469e+01 3.063929483952927413e+01
-5.230491694363454513e+01 2.797865981486419074e+01 3.129766840334364630e+01
-5.205930300074635397e+01 2.725286192888370351e+01 3.195312068550311224e+01
-5.185316665316974394e+01 2.649208701943308597e+01 3.257929562386381406e+01
-5.160870633365481552e+01 2.572726752024961883e+01 3.318681787319123089e+01
-5.131330136131147412e+01 2.496663084256015708e+01 3.378098887161308994e+01
-5.104567813218903183e+01 2.416617058027060594e+01 3.433157579885873645e+01
-5.079756457743093989e+01 2.335637736011188181e+01 3.488025384319780642e+01
-5.044330492844985514e+01 2.258043301712695339e+01 3.541202454578855452e+01
-5.012990072865714808e+01 2.176070597527873574e+01 3.590865008544773929e+01
-4.976662647826918828e+01 2.095284363469689737e+01 3.638277668230204398e+01
-4.932278744474166388e+01 2.017074562658729064e+01 3.683859448423228145e+01
-4.893907014267441014e+01 1.934189125678570775e+01 3.725749310253414848e+01
-4.841510799438760415e+01 1.857373706791497270e+01 3.765038044236624160e+01
-4.790168650097198366e+01 1.780204088481925595e+01 3.804222616034714122e+01
-4.739081434129125370e+01 1.700294098774214291e+01 3.839040774506314335e+01
-4.681669429402877824e+01 1.624765774817790387e+01 3.871316875780410527e+01
-4.613643734956993114e+01 1.556358614197665347e+01 3.901114977944398277e+01
-4.548850378971867769e+01 1.484357465603909887e+01 3.927286187298392406e+01
-4.477058306917108155e+01 1.417346789581264233e+01 3.951259599554911262e+01
-4.400942495967375834e+01 1.356359195713248411e+01 3.973896499087244649e+01
-4.317783872831643777e+01 1.302341227019979542e+01 3.993061985323000584e+01
-4.235025135418135278e+01 1.247739821298527474e+01 4.009009791439063974e+01
-4.146875788188398815e+01 1.200749596615665915e+01 4.022671063607870678e+01
-4.056914254919497154e+01 1.157365051950745460e+01 4.035253205156185174e+01
-3.962568885917963257e+01 1.123096478341861726e+01 4.045213621244614899e+01
-3.865790428835688175e+01 1.095883378435880218e+01 4.053120132902942885e+01
-3.768195848401467885e+01 1.069664268859254896e+01 4.060737927986700413e+01
-3.669036671621346102e+01 1.053530349187013471e+01 4.065425167463477862e+01
-3.568350143258816587e+01 1.049589802444029729e+01 4.066603082241270783e+01
-3.467645439119488060e+01 1.046191062653704051e+01 4.067612856048896930e+01
-3.366958891774178397e+01 1.042849445547057030e+01 4.068417716508132287e+01
-3.266628383455311280e+01 1.058696326016343470e+01 4.064603719738958887e+01
-3.165930161096787998e+01 1.070007965837045205e+01 4.061053915197341979e+01
-3.069256234258121552e+01 1.092496796320181218e+01 4.054095930102021583e+01
-2.977851687863942942e+01 1.133129243113884854e+01 4.042300004408872383e+01
-2.883773911233704723e+01 1.169312732014827816e+01 4.031664332439769538e+01
-2.791003989436732269e+01 1.206299160428147843e+01 4.020984048785343390e+01
-2.707206289620483375e+01 1.259332885766242782e+01 4.006124580060014040e+01
-2.628461424275329961e+01 1.320337656056667086e+01 3.986940383084179729e+01
-2.551380118486951432e+01 1.381509328321160268e+01 3.964711786066033739e+01
-2.479188544764457802e+01 1.447233695097648898e+01 3.940722653726248126e+01
-2.415102259680907082e+01 1.520670332080442044e+01 3.914754801048563593e+01
-2.360346738290542845e+01 1.599039638705990463e+01 3.883027877182989585e+01
-2.309257886064195375e+01 1.678487160437952497e+01 3.847820535933104225e+01
-2.253048410466794138e+01 1.755522478922956608e+01 3.814979460838831216e+01
-2.202895129338496716e+01 1.833968377844812991e+01 3.777107670944093343e+01
-2.159185050292978758e+01 1.915471940925378291e+01 3.736219812093590775e+01
-2.119699067241793600e+01 1.998112714074448348e+01 3.694331421336958954e+01
-2.090049945797672493e+01 2.081447071968024431e+01 3.646367906003644066e+01
-2.057250714366404054e+01 2.163581551067439790e+01 3.597996553012195875e+01
-2.021011706486547865e+01 2.244400410854659711e+01 3.549989578110530175e+01
-1.995072234319712123e+01 2.325419186606594479e+01 3.496305083672009317e+01
-1.971404169840795362e+01 2.406069469384334880e+01 3.440438056598133443e+01
-1.941069319228766332e+01 2.485165275662887652e+01 3.385996103658080614e+01
-1.919462081453048441e+01 2.562702189277715803e+01 3.325532801297492114e+01
-1.898250815030458227e+01 2.640651039002998246e+01 3.264875198132136092e+01
-1.880730210432272287e+01 2.716779091254609924e+01 3.201421785136837173e+01
-1.859637373484443046e+01 2.791767324095590297e+01 3.137251949753928670e+01
-1.839885203225643906e+01 2.865201572452987477e+01 3.071206441070192028e+01
-1.827727861499758433e+01 2.936156134423481845e+01 3.000736540723826096e+01
-1.809431498890599954e+01 3.007088586647212836e+01 2.931389565944547826e+01
-1.794060069612532970e+01 3.075800279910621526e+01 2.859494908504944277e+01
-1.784047881975188332e+01 3.141958786691895966e+01 2.784112518955079452e+01
-1.767991207641883733e+01 3.208334587977783059e+01 2.709928762760343801e+01
-1.756778425338300664e+01 3.271549692415599253e+01 2.632447989199333094e+01
-1.747787843685860310e+01 3.332722375305498019e+01 2.552817525064160264e+01
-1.733968091890636032e+01 3.393968705182005152e+01 2.473997280932092124e+01
-1.726222653313795874e+01 3.451095208832649064e+01 2.391427372433235732e+01
-1.717566400246129632e+01 3.507189109573094044e+01 2.308108110484112885e+01
-1.706607175971126722e+01 3.562445140083206496e+01 2.224650092749041619e+01
-1.701058376304898800e+01 3.613317233366142034e+01 2.137812566220409138e+01
-1.692465496886702070e+01 3.664236656533282144e+01 2.051242083740289246e+01
-1.684753029321584350e+01 3.712598726986301756e+01 1.963299733510009304e+01
-1.680260360986467205e+01 3.757318358367129463e+01 1.873027462631576512e+01
-1.672129198872296740e+01 3.802657264725418429e+01 1.783397420722381099e+01
-1.667270724576559005e+01 3.843603578955316635e+01 1.691511908180562784e+01
-1.663055761260019949e+01 3.882405333528085123e+01 1.598525817230379431e+01
-1.656420132971818404e+01 3.921145656355663789e+01 1.505794270888141462e+01
-1.653324639092202375e+01 3.954825736730900587e+01 1.410849047945606216e+01
-1.648929190624287600e+01 3.988036799671196064e+01 1.315757550513066221e+01
-1.644526231162889829e+01 4.019021251640372583e+01 1.220055567588201484e+01
-1.642315058125986127e+01 4.045815152044001195e+01 1.122868242125264082e+01
-1.638110553803998926e+01 4.073135700852245122e+01 1.025953325740778332e+01
-1.635727560734971320e+01 4.095892369419841117e+01 9.278522597416445805e+00
-1.633850171087677694e+01 4.116298674205727082e+01 8.291104160881678453e+00
-1.630714217961978107e+01 4.136540839180445062e+01 7.304895933492392857e+00
-1.629530046096607876e+01 4.151541437985688532e+01 6.308229220800156689e+00
-1.627749448927017895e+01 4.166149798935957449e+01 5.310821730009873676e+00
-1.626159660827642384e+01 4.178045186834657443e+01 4.310915536871352316e+00
-1.625646660612265393e+01 4.185921295796536867e+01 3.305648139469731905e+00
-1.624393228375953058e+01 4.194270662256823101e+01 2.301467540380295773e+00
-1.624039111221188492e+01 4.197658218517072726e+01 1.294494866324812810e+00
-1.623999344443667070e+01 4.199156177998683148e+01 2.862137475747882354e-01
-1.623731779744280246e+01 4.199919372716460231e+01 -7.209491892194667129e-01
-1.624156902557910698e+01 4.195559528622928269e+01 -1.728093570240667454e+00
-1.624748658595764184e+01 4.191327468166151249e+01 -2.735248958038224210e+00
-1.625438889411482535e+01 4.183328216895671403e+01 -3.739296559212404780e+00
-1.626546497995101959e+01 4.172100948146280075e+01 -4.741347328757907320e+00
-1.628060910119123861e+01 4.161155007044615672e+01 -5.742757437901875761e+00
-1.629412540937936527e+01 4.144902259705289538e+01 -6.737277379748483064e+00
-1.631513680791369580e+01 4.127818270305807147e+01 -7.730715085825269561e+00
-1.633754143954088534e+01 4.108715347438749177e+01 -8.719281014201758495e+00
-1.635815935179626024e+01 4.085227803401674862e+01 -9.699601357193866846e+00
-1.639279770015659921e+01 4.062355414059595660e+01 -1.068044637915672723e+01
-1.641839234691003924e+01 4.034648084945932567e+01 -1.164878717705416022e+01
-1.645157660495083718e+01 4.005095552137674986e+01 -1.261222881164377974e+01
-1.649619570509595334e+01 3.975078569354246838e+01 -1.357262343928806025e+01
-1.652825075782902076e+01 3.940025804672390564e+01 -1.451728814552799030e+01
-1.658088883405799407e+01 3.905064392089843750e+01 -1.546115207672119141e+01
