5.057970038234041255e+01 -3.800275039672852984e+01 1.788269805908202770e+01
5.050751358118502310e+01 -3.752878172786747513e+01 1.877005946533665437e+01
5.036677955990347755e+01 -3.709461239713003522e+01 1.966951593826068745e+01
5.023359709870343437e+01 -3.662603567869022925e+01 2.055126828496231184e+01
5.011891063222567766e+01 -3.611029312438436989e+01 2.140986002804605093e+01
4.995868017370580105e+01 -3.560662802531651039e+01 2.226819895952919737e+01
4.981831750773011436e+01 -3.506094338626400031e+01 2.310317838539465285e+01
4.965975336004276386e+01 -3.450023508085581625e+01 2.392560496806573411e+01
4.946922186966346402e+01 -3.393904356183368520e+01 2.474050589439542591e+01
4.931105947335925066e+01 -3.332816567443468614e+01 2.552635671371275805e+01
4.908882556470977931e+01 -3.273469344684936289e+01 2.631080650081455374e+01
4.889381128209330285e+01 -3.210043765902878476e+01 2.706846250477087779e+01
4.866325663020765546e+01 -3.146104454828258312e+01 2.781265368097423263e+01
4.840431443952808621e+01 -3.081686027697155694e+01 2.854404370708751060e+01
4.815127498273782436e+01 -3.012998296419329591e+01 2.923670769831912253e+01
4.789989688150174629e+01 -2.943856236221287759e+01 2.992628302669288942e+01
4.757714546807797262e+01 -2.876586348356773470e+01 3.060229863246002324e+01
4.728255543650347903e+01 -2.804729498713500035e+01 3.124520477830302667e+01
4.694600522953356858e+01 -2.733338943123876774e+01 3.187029148546784540e+01
4.656355074405201577e+01 -2.662647934546805217e+01 3.247808662256571210e+01
4.621138147368263560e+01 -2.588051174329547877e+01 3.305559460695967999e+01
4.575678167186524803e+01 -2.517730405939148142e+01 3.361907270698677763e+01
4.532459747724279708e+01 -2.443752816133844519e+01 3.414819963711509132e+01
4.484606844933931313e+01 -2.370087960424982043e+01 3.464606061418478333e+01
4.431776137271136662e+01 -2.299647590552487841e+01 3.513079713888910049e+01
4.373637041792385105e+01 -2.230811862567125203e+01 3.558260090730615133e+01
4.318062074043124454e+01 -2.158280509540713510e+01 3.600540205568962193e+01
4.252482128787546856e+01 -2.092357050125308149e+01 3.639678717413163156e+01
4.180319580273639701e+01 -2.031981460994271771e+01 3.675501772604852135e+01
4.104848149750457509e+01 -1.973071033729384638e+01 3.706758859691630192e+01
4.028983569756649530e+01 -1.913407494682956056e+01 3.736357006357435750e+01
3.945039577223946736e+01 -1.863803038203143814e+01 3.761789750777436581e+01
3.853095599701984497e+01 -1.827081814798589221e+01 3.780695819790060597e+01
3.759349033184903988e+01 -1.794165708410120885e+01 3.797542758581683842e+01
3.665754847116400583e+01 -1.759954504645007134e+01 3.812523670113423435e+01
3.567143624437196792e+01 -1.746018766819847556e+01 3.818596738368552224e+01
3.465453398771855831e+01 -1.746239423220285403e+01 3.818489605135196996e+01
3.364253758399463834e+01 -1.742615219552871864e+01 3.820034331701168639e+01
3.267220090473878713e+01 -1.764013312372327036e+01 3.811087519227665865e+01
3.170854582186593618e+01 -1.795989017600842175e+01 3.796531617583065810e+01
3.075079749391207429e+01 -1.822918733252570789e+01 3.782617640400020065e+01
2.987745712087404115e+01 -1.865327071023982697e+01 3.762009195839057440e+01
2.907931896252814141e+01 -1.921689095640664036e+01 3.734669225993584263e+01
2.832095499916954040e+01 -1.983418209819938482e+01 3.702945290546311696e+01
2.757667362937569067e+01 -2.043184222940850603e+01 3.668882670756466524e+01
2.693836805492727393e+01 -2.110440103179432825e+01 3.630317806335718700e+01
2.639160658212680488e+01 -2.184407474946177885e+01 3.587178186951864944e+01
2.587735355744418086e+01 -2.258973955344844953e+01 3.540630539763366613e+01
2.536040345164135701e+01 -2.330645260621963288e+01 3.491888373199743256e+01
2.487309442830333595e+01 -2.403347796138799808e+01 3.442297787232929807e+01
2.447779506201166200e+01 -2.479564356323630037e+01 3.389645311431436170e+01
2.413970058010987785e+01 -2.554677220615203126e+01 3.331533453750130036e+01
2.375428058732562775e+01 -2.628859691715569369e+01 3.275014686963113775e+01
2.342206816571037820e+01 -2.702238174708113050e+01 3.214802134921590238e+01
2.315453021329875227e+01 -2.774890400766047449e+01 3.150186176441290442e+01
2.283772857246276544e+01 -2.846803195929792807e+01 3.087006904558145592e+01
2.254581715986703827e+01 -2.917294329488767701e+01 3.021455995246271442e+01
2.231995570259020312e+01 -2.986351943306593171e+01 2.951464566793590194e+01
2.206668095551356501e+01 -3.054862774644035994e+01 2.881912378339171354e+01
2.184724768007436069e+01 -3.120357308468195967e+01 2.808441021745652577e+01
2.163322921695034395e+01 -3.186648522993057497e+01 2.735475848431784840e+01
2.146935577600400791e+01 -3.250186060392691445e+01 2.659221236308912140e+01
2.130866796280455944e+01 -3.311712570046651649e+01 2.580972234646524655e+01
2.111885023674707185e+01 -3.372795421671656158e+01 2.503023743151742408e+01
2.098798960049836282e+01 -3.430203182039065979e+01 2.421362165681356515e+01
2.084816973444059585e+01 -3.486709067283874930e+01 2.339030417684828578e+01
2.068921751944002096e+01 -3.542345656355099948e+01 2.256543068852289124e+01
2.058942232343808953e+01 -3.593691927734973746e+01 2.170437625963707262e+01
2.046417526815526600e+01 -3.644927234088014245e+01 2.084498955241975438e+01
2.033916111592617426e+01 -3.694298923834567461e+01 1.997641571724878062e+01
2.026059193476370979e+01 -3.739462622038131201e+01 1.907851139713284283e+01
2.014760257071983318e+01 -3.785203820474086456e+01 1.818715072724626935e+01
2.005699133519922839e+01 -3.827522274993053486e+01 1.727816695781811873e+01
1.999099548167719576e+01 -3.866590534326444839e+01 1.635075840943929393e+01
1.989302586141196727e+01 -3.906343003040115036e+01 1.542981714447198627e+01
1.983178296478293490e+01 -3.941194003162781456e+01 1.448667954387394197e+01
1.977242187785767769e+01 -3.974384304696743442e+01 1.353618715101301895e+01
1.969684023045161325e+01 -4.007135322924554544e+01 1.258668418163181890e+01
1.965530688503830348e+01 -4.034699859577681025e+01 1.161793557473394500e+01
1.960020044234052961e+01 -4.062210653145123729e+01 1.064942826147525778e+01
1.955096319222228374e+01 -4.086945820108567773e+01 9.674498742857720046e+00
1.952149435057147286e+01 -4.107634415783527260e+01 8.687878623761639219e+00
1.947505654503046202e+01 -4.129011005615583940e+01 7.703982677524910727e+00
1.944838971569566866e+01 -4.145439121786623105e+01 6.710323015365738719e+00
1.942633226891003773e+01 -4.159801305470132604e+01 5.712260197943347606e+00
1.939591972695494348e+01 -4.173821337635283868e+01 4.715180763808292319e+00
1.938435268595414485e+01 -4.182477938726437827e+01 3.710841702395105912e+00
1.936845313300896620e+01 -4.191090564923910478e+01 2.706320202571348421e+00
1.935727211862223385e+01 -4.196518070846329351e+01 1.700622819937741559e+00
1.935629682924680850e+01 -4.198129299972234918e+01 6.922334595956692871e-01
1.935134902564343307e+01 -4.200322503918535233e+01 -3.153267575917232390e-01
1.935549533985821569e+01 -4.197221250250761670e+01 -1.322575004159062262e+00
1.936414187177067703e+01 -4.192677680232128523e+01 -2.330023988241083366e+00
1.937360195543867647e+01 -4.186993349255457275e+01 -3.335643257653957860e+00
1.938944184210168231e+01 -4.176260018348665426e+01 -4.338083924064712882e+00
1.941060910974644571e+01 -4.166062363888441666e+01 -5.340823677769555466e+00
1.943279814081714107e+01 -4.151471820794790801e+01 -6.337387143864561700e+00
1.946099167541354547e+01 -4.134199735790370056e+01 -7.330601279203560416e+00
1.949655762374444024e+01 -4.117033626346608344e+01 -8.322726827438103214e+00
1.952942715713804844e+01 -4.094354932694425742e+01 -9.304382882945956723e+00
1.957550903755876703e+01 -4.071695469316645699e+01 -1.028578858098604520e+01
1.962110342249069816e+01 -4.045954675093241093e+01 -1.125850310864010240e+01
1.966799751569589461e+01 -4.016515443128507457e+01 -1.222186839614379750e+01
1.973385709680323430e+01 -3.987853035190081386e+01 -1.318572479260610564e+01
1.978686197303967731e+01 -3.953703368312649502e+01 -1.413243378841258924e+01
1.985831910623500463e+01 -3.919063240512748791e+01 -1.507663762285591602e+01
1.993435722184406345e+01 -3.882474280532505873e+01 -1.601189382386177940e+01
2.000239257887187705e+01 -3.841519553440178214e+01 -1.693077331939596064e+01
2.010351279332810037e+01 -3.801717027713421260e+01 -1.785123821566421753e+01
2.018252223810452151e+01 -3.756718715527096464e+01 -1.874927384324125867e+01
2.028439724896697882e+01 -3.710969612654968586e+01 -1.964185755253956955e+01
2.039890283326202436e+01 -3.663974486432024236e+01 -2.052532966159414940e+01
2.049424844481352537e+01 -3.612344314819262081e+01 -2.138594343071821413e+01
2.063803708492918787e+01 -3.562098982501490951e+01 -2.224804701866719725e+01
2.075229686380663097e+01 -3.507063613928165324e+01 -2.308395057376498727e+01
2.089624377469905525e+01 -3.451386105886325595e+01 -2.391179396927438106e+01
2.105948000778744245e+01 -3.394736826306743893e+01 -2.472883409366736274e+01
2.119566085429307378e+01 -3.333650249632657392e+01 -2.551863094813933230e+01
2.139394553448323677e+01 -3.274002662430330446e+01 -2.630744243872173271e+01
2.155693264958520317e+01 -3.210020709493446134e+01 -2.706800584762035200e+01
2.176251684900227445e+01 -3.144749133768231175e+01 -2.780701309602522286e+01
2.197653679781453917e+01 -3.079638909778015332e+01 -2.854709280770365964e+01
2.221564093918586380e+01 -3.013011473188324274e+01 -2.926373761749212576e+01
2.243082865868693077e+01 -2.942266443925302610e+01 -2.995041508265491359e+01
2.272458594511391183e+01 -2.873844179958216216e+01 -3.062878640973282884e+01
2.297890549875401689e+01 -2.801003934881708091e+01 -3.127787834689857505e+01
2.328372845329635510e+01 -2.728841321474465786e+01 -3.191035693008798546e+01
2.362452491763230711e+01 -2.656689120011901650e+01 -3.252535248626161035e+01
2.393776657364828964e+01 -2.580971342307826433e+01 -3.311052243707669618e+01
2.435473248682776060e+01 -2.509081667045433761e+01 -3.368319650605540971e+01
2.472764923141075499e+01 -2.432728566449567964e+01 -3.422290711367875105e+01
2.518746622201658880e+01 -2.358268781502557943e+01 -3.472777782190237161e+01
2.569273352301805957e+01 -2.286534498517326952e+01 -3.521880495334906414e+01
2.625023917452999100e+01 -2.216008336005775092e+01 -3.567334768977767112e+01
2.677716835009141150e+01 -2.141606872644134540e+01 -3.610353226497717571e+01
2.739567214630263692e+01 -2.073018875932864091e+01 -3.650978895428515614e+01
2.811780473151913640e+01 -2.012662140694856561e+01 -3.686603534644738289e+01
2.888713148288801946e+01 -1.955020476211664260e+01 -3.716179095901338769e+01
2.965740717687800299e+01 -1.895895762338001234e+01 -3.745235070689780343e+01
3.049433652878526857e+01 -1.845555240715810541e+01 -3.771044244364404818e+01
3.143567981390073740e+01 -1.814013584619021913e+01 -3.787246279573514585e+01
3.239985884047410991e+01 -1.787945017663991720e+01 -3.800425677098849775e+01
3.336252465100506015e+01 -1.760528043552457333e+01 -3.812276563430713594e+01
3.434927726845182860e+01 -1.748414279737322730e+01 -3.817551489472347725e+01
3.535776382479035362e+01 -1.757017079457359898e+01 -3.813830648770949949e+01
3.637456981435631320e+01 -1.764505901399016352e+01 -3.810555264498423611e+01
3.733255533174446583e+01 -1.790995869027509713e+01 -3.799047406316660869e+01
3.828345738448661706e+01 -1.823694790195133919e+01 -3.782978363751374928e+01
3.921876667585797094e+01 -1.855457335141755593e+01 -3.766096999628393860e+01
4.008246625541628561e+01 -1.899353315963581323e+01 -3.744165669252694784e+01
4.087657312588720515e+01 -1.955368134072265818e+01 -3.716594803298266925e+01
4.164005755291364608e+01 -2.015155660081521205e+01 -3.685117753434381171e+01
4.239297266664872410e+01 -2.073108497424569663e+01 -3.651074982651108769e+01
4.306198319435164024e+01 -2.137878545956180076e+01 -3.613509219280667395e+01
4.365500083557455469e+01 -2.208626544216138754e+01 -3.572098313232653055e+01
4.421735180015328126e+01 -2.279744406061487538e+01 -3.527031995437056366e+01
4.476656213073855639e+01 -2.349420271987869668e+01 -3.479201931423862959e+01
4.528547404568194423e+01 -2.420578408032428541e+01 -3.430375130036264153e+01
4.571300500231033936e+01 -2.494803807678062668e+01 -3.377594716875658065e+01
4.611544991635027912e+01 -2.568237556435580871e+01 -3.321352869085917803e+01
4.654119639442799894e+01 -2.640774705552510326e+01 -3.265702037519545087e+01
4.690264932796282693e+01 -2.712812074336518009e+01 -3.205593509484579329e+01
4.721241914057082312e+01 -2.784440648856600831e+01 -3.141690209885122442e+01
4.756925919314858930e+01 -2.855339303411049556e+01 -3.079498965351283601e+01
4.789730562981230833e+01 -2.924191622125524148e+01 -3.013957162539428936e+01
4.816798103735871450e+01 -2.992113518571793662e+01 -2.944439064343171708e+01
4.843300649738315400e+01 -3.061088913957383539e+01 -2.875735290732354343e+01
4.864573475265235203e+01 -3.126779660999530108e+01 -2.802268400405459303e+01
4.889650661460184722e+01 -3.192136503137075465e+01 -2.729606069498316501e+01
4.909448908702142944e+01 -3.254814735192126562e+01 -2.653411682118692028e+01
4.927084123945154914e+01 -3.315816352121183286e+01 -2.575100928677168000e+01
4.948610530734038093e+01 -3.376583412483664404e+01 -2.497573052889054068e+01
4.964414260236653575e+01 -3.433931013170213475e+01 -2.416371350323849043e+01
4.979361913704931197e+01 -3.489792929854215231e+01 -2.333765433020197477e+01
4.997604115938607805e+01 -3.545378978214019838e+01 -2.251720436129631153e+01
5.009896232410611105e+01 -3.596829575163338433e+01 -2.165999386042861374e+01
5.022919557108104271e+01 -3.647322275754042664e+01 -2.079686293650105711e+01
5.037686180421030713e+01 -3.696934256346242620e+01 -1.993303851667604221e+01
5.047258976200305369e+01 -3.742167831416814039e+01 -1.903725728084807756e+01
5.058880563779109707e+01 -3.787163750390345029e+01 -1.814240519782258687e+01
5.070037073664882854e+01 -3.829978434008413757e+01 -1.723802632022642101e+01
5.077637513558404692e+01 -3.868877146134915535e+01 -1.631055812438302510e+01
5.087945994076004297e+01 -3.908138621048983907e+01 -1.538783167371211924e+01
5.095734651826857942e+01 -3.943527050777166920e+01 -1.444803664584080849e+01
5.101957004268466989e+01 -3.976129814919847405e+01 -1.349538781855563130e+01
5.110423977032906606e+01 -4.008693487896825047e+01 -1.254581120399043392e+01
5.115853883084790255e+01 -4.035775138042575350e+01 -1.157676166034949006e+01
5.121056291157091067e+01 -4.063027950161718849e+01 -1.060675895067631558e+01
5.125661740574469150e+01 -4.087332754769437315e+01 -9.629488396068692779e+00
5.130919041207546627e+01 -4.110551418863899897e+01 -8.649569400874725034e+00
5.134260487461266109e+01 -4.128959677274910689e+01 -7.659841759046875254e+00
5.137596361269762468e+01 -4.146287534084690662e+01 -6.666856748060705051e+00
5.141044652966157713e+01 -4.162128804070190569e+01 -5.672125811904895620e+00
5.142727923087558395e+01 -4.172832733783830861e+01 -4.670231453150401890e+00
5.144947936480009076e+01 -4.183975366628358472e+01 -3.668095154650057310e+00
5.146491878591025682e+01 -4.191611710751018904e+01 -2.663787973465661985e+00
5.147042093588924416e+01 -4.195733947258190000e+01 -1.656379896715623357e+00
5.147780235128990967e+01 -4.199951577387889046e+01 -6.490845966572265091e-01
5.147627751799436169e+01 -4.198910805047511730e+01 3.582231707860286662e-01
5.147034804884458481e+01 -4.197337639432925727e+01 1.366622618698603242e+00
5.146167051725404917e+01 -4.193750568318841943e+01 2.373588806470181556e+00
5.144665815950952492e+01 -4.185247551399982768e+01 3.377832773158651936e+00
5.142547490423260115e+01 -4.177318849852873228e+01 4.382936287890125904e+00
5.140278922788665739e+01 -4.165009746594562046e+01 5.382407777420885608e+00
5.137229535391170288e+01 -4.150597616057151384e+01 6.379993130791311806e+00
5.133502542009249225e+01 -4.135377913815720774e+01 7.375740929801361645e+00
5.129935588394830148e+01 -4.114597652090440505e+01 8.360928102703795162e+00
5.124835655565433257e+01 -4.092658275293041470e+01 9.343277856186558594e+00
5.120175794891820686e+01 -4.070709952869864168e+01 1.032585449330155747e+01
5.114468601381143031e+01 -4.045585464234395801e+01 1.129970570369965621e+01
5.108802477650215934e+01 -4.015953668967569001e+01 1.226200961357624486e+01
5.101341743287294150e+01 -3.986869034136346102e+01 1.322420999141954390e+01
5.094565645251348940e+01 -3.953140545821889162e+01 1.417144168648404801e+01
5.086690975202202480e+01 -3.917640595371743473e+01 1.511204889367857263e+01
5.077301777907797486e+01 -3.881684652928517920e+01 1.604839016945364349e+01
5.068975167465688259e+01 -3.840784953836424620e+01 1.696627916350995235e+01
5.057970038234041255e+01 -3.800275039672851562e+01 1.788269805908203125e+01
