-1.989327612794529543e+01 3.905064392089843750e+01 -1.546115207672119141e+01
-1.994149647718715812e+01 3.863687794792404162e+01 -1.637914524514619075e+01
-2.004369893986011419e+01 3.825620664980633734e+01 -1.730754748706258184e+01
-2.013720558831591845e+01 3.783899599875954323e+01 -1.821961399789096703e+01
-2.021674186460341360e+01 3.737678136239328808e+01 -1.911196755364834488e+01
-2.033623623673227954e+01 3.692603336512466683e+01 -2.000569940549964087e+01
-2.043434535218274561e+01 3.642992086032204213e+01 -2.087684978934950308e+01
-2.054986412211195557e+01 3.591906966104718180e+01 -2.173816867970947797e+01
-2.069074183779814291e+01 3.540464686002216155e+01 -2.259292707287519164e+01
-2.080113289640702945e+01 3.483968286123037217e+01 -2.342030955872673914e+01
-2.096782579713224237e+01 3.428915384263152077e+01 -2.424848937306493823e+01
-2.110868538728927035e+01 3.369764063172842583e+01 -2.505133996280111930e+01
-2.127358876295704704e+01 3.309419735579250954e+01 -2.584150417543024147e+01
-2.146942750410579492e+01 3.248755291330391515e+01 -2.662248086350069798e+01
-2.163120475428978295e+01 3.183240420125316206e+01 -2.737005268405112801e+01
-2.185617980337969612e+01 3.118319062774959960e+01 -2.810779111307620326e+01
-2.207727789027402920e+01 3.053227787181503317e+01 -2.884487207028995215e+01
-2.230035706617871938e+01 2.984266791412068898e+01 -2.954578302464207340e+01
-2.253949456264460594e+01 2.913996309070783042e+01 -3.022770440884642795e+01
-2.283491316771044310e+01 2.844794288435351248e+01 -3.089740671787119197e+01
-2.308681411786133708e+01 2.770918921184044947e+01 -3.153614284627777309e+01
-2.343327423973739343e+01 2.700259751924973628e+01 -3.216538238810612427e+01
-2.373935447301573376e+01 2.625356334152077054e+01 -3.276566467210516009e+01
-2.410376179617608017e+01 2.551658027415988172e+01 -3.334626087749977330e+01
-2.451171603484365846e+01 2.478584035765286586e+01 -3.390931614994531174e+01
-2.491872243676341725e+01 2.402558297382986652e+01 -3.442815977254179671e+01
-2.537772565687784621e+01 2.328155644853142192e+01 -3.493211749885597328e+01
-2.592980701163334345e+01 2.258760589445257594e+01 -3.540772170516327577e+01
-2.645832602929095501e+01 2.185348335009163634e+01 -3.585138801455701696e+01
-2.701764686394447779e+01 2.112854075153291333e+01 -3.627263426908157840e+01
-2.767163304945104230e+01 2.046758631241010917e+01 -3.666634301602199741e+01
-2.843545308907632929e+01 1.989829341934408902e+01 -3.698812231537699091e+01
-2.919677923066547720e+01 1.930618261848496431e+01 -3.728041832575127756e+01
-2.998677944027325282e+01 1.873519407361092703e+01 -3.756628670317083873e+01
-3.086792095381203893e+01 1.830678047908586237e+01 -3.778665858614389350e+01
-3.182858706748813660e+01 1.803414242933055078e+01 -3.792791390456832801e+01
-3.279082569817454385e+01 1.776602149736424607e+01 -3.805455196316545852e+01
-3.376097050973199032e+01 1.751864473915695086e+01 -3.816034720339072805e+01
-3.475817371770915543e+01 1.750589771730273370e+01 -3.816615678723076144e+01
-3.577169082094793140e+01 1.761427570593864900e+01 -3.811911167097646569e+01
-3.677693705773425137e+01 1.769274961235305810e+01 -3.808527357438842387e+01
-3.771782237961750184e+01 1.805304980544037718e+01 -3.792324049875140446e+01
-3.866973805795230135e+01 1.835913126088293623e+01 -3.776472258694706596e+01
-3.958120422955826712e+01 1.871366828015566597e+01 -3.757954420580666266e+01
-4.041214055983292752e+01 1.921142739620653828e+01 -3.733534668562705150e+01
-4.118899060864760031e+01 1.979719194607457311e+01 -3.704158897552203911e+01
-4.195073191999183848e+01 2.038703181791890984e+01 -3.671584619500869451e+01
-4.267755398189735416e+01 2.098381713046229891e+01 -3.636261554422913633e+01
-4.331005278512075307e+01 2.166275987044237183e+01 -3.597108918921051668e+01
-4.388532190199690319e+01 2.237822230929068468e+01 -3.554180362172488827e+01
-4.444340350966098185e+01 2.308133977510772183e+01 -3.507799036071425292e+01
-4.498259369453078449e+01 2.378025668205024346e+01 -3.459342180019909563e+01
-4.548222269587478905e+01 2.450667206220790462e+01 -3.410482751272898838e+01
-4.586814780486357535e+01 2.524833052021953961e+01 -3.354287645005205576e+01
-4.629114210275478314e+01 2.597853222745275659e+01 -3.298923843712998405e+01
-4.670005594745205002e+01 2.670143572044297287e+01 -3.241997660771628631e+01
-4.702878434463639934e+01 2.742035317846349685e+01 -3.179685536122478595e+01
-4.734960714701077933e+01 2.813437316369436303e+01 -3.116051189341559180e+01
-4.771384888371822797e+01 2.883668492044422038e+01 -3.053674312933402391e+01
-4.801024876556381571e+01 2.951792142292228505e+01 -2.985770187259954156e+01
-4.827834128293844174e+01 3.020188953165581225e+01 -2.916477176017717809e+01
-4.850987300670652047e+01 3.087759026679677987e+01 -2.845500530467370481e+01
-4.874816108154732319e+01 3.153563132547873593e+01 -2.772824120350540156e+01
-4.898814904259074865e+01 3.218108803167204002e+01 -2.699239869599113106e+01
-4.915766197827667838e+01 3.279547978588872326e+01 -2.621257726358784979e+01
-4.935915799733309228e+01 3.340779016348244568e+01 -2.543695045963268342e+01
-4.956024639207667093e+01 3.400447098986025196e+01 -2.465094771282655017e+01
-4.969747359452737356e+01 3.456557477542313705e+01 -2.382515307000448601e+01
-4.987025207333520882e+01 3.512747265626892101e+01 -2.300589413389314686e+01
-5.003204899167658226e+01 3.566776929759791415e+01 -2.217212110173447215e+01
-5.014465210505071724e+01 3.617227549429130562e+01 -2.130637125032780688e+01
-5.029522972598898889e+01 3.668072773940353670e+01 -2.044891724467406391e+01
-5.041841056081808148e+01 3.715689793734152602e+01 -1.957055849991410312e+01
-5.051265908699498652e+01 3.760273856365991207e+01 -1.867069038774443257e+01
-5.064201610900340000e+01 3.805342030073986592e+01 -1.777857144754824859e+01
-5.073141555734126484e+01 3.846028886715428996e+01 -1.686138182201112556e+01
-5.081262535821927884e+01 3.884691914976559701e+01 -1.593322639437191768e+01
-5.091644588835476526e+01 3.923205085970128181e+01 -1.500823355962799610e+01
-5.098102962386802517e+01 3.956882998001189833e+01 -1.406022629560122894e+01
-5.105340634606098860e+01 3.989731374957045063e+01 -1.310943656719416595e+01
-5.113183942211488642e+01 4.020765071926928158e+01 -1.215451805286326170e+01
-5.118237947374925056e+01 4.047519153271578318e+01 -1.118337109778550875e+01
-5.123514495888732512e+01 4.074620697902290800e+01 -1.021356292472931493e+01
-5.128839501941151013e+01 4.099245528422495255e+01 -9.236960571520585361e+00
-5.132808397648070553e+01 4.119218873731525576e+01 -8.249128425971694156e+00
-5.135424335208423230e+01 4.135865340013093316e+01 -7.255187105859756791e+00
-5.139129944225383895e+01 4.153254020637078270e+01 -6.262399072354797092e+00
-5.141848516755010223e+01 4.166874913840727146e+01 -5.264700299836709618e+00
-5.143573964322040126e+01 4.177420563624450978e+01 -4.262060198479532325e+00
-5.145759435069398080e+01 4.187840015007090244e+01 -3.259516326801714214e+00
-5.146630191649889952e+01 4.192977094786722603e+01 -2.253468990557633500e+00
-5.147375627871421244e+01 4.197760164717587372e+01 -1.246073151322606209e+00
-5.147870034756897439e+01 4.200361975197643716e+01 -2.388177102792207740e-01
-5.147393821547643000e+01 4.198121757059259807e+01 7.689024422276211634e-01
-5.146734535697877533e+01 4.196465228961837113e+01 1.777176123059647450e+00
-5.145652497417729165e+01 4.190345849630723052e+01 2.782513957549894723e+00
-5.143854203955576310e+01 4.182159726029683355e+01 3.787453871326034616e+00
-5.141618030728817246e+01 4.173170680423199741e+01 4.791154856722308786e+00
-5.139208621536289456e+01 4.158857974310933514e+01 5.788303839074735890e+00
-5.135720794217181862e+01 4.144830262014603761e+01 6.786438527792659769e+00
-5.132104669608612824e+01 4.127585765887368296e+01 7.778365795288404883e+00
-5.127969259605951891e+01 4.105648925606757871e+01 8.761110209103909696e+00
-5.122803141531311866e+01 4.083726966953686599e+01 9.743496434019412789e+00
-5.117735631547169817e+01 4.061373691119549534e+01 1.072479184349993631e+01
-5.112279240908056011e+01 4.033725832697793123e+01 1.169233391165528602e+01
-5.105995876287088464e+01 4.003954253639273730e+01 1.265387775469443987e+01
-5.098495683572446069e+01 3.973747853008821806e+01 1.361201308994133896e+01
-5.091693887136439400e+01 3.938517199188984819e+01 1.455435948269395219e+01
-5.082602248094966768e+01 3.903759204734050314e+01 1.549626587924271348e+01
-5.074201662115976319e+01 3.865049686561093978e+01 1.642263819227819965e+01
-5.065090183379069799e+01 3.823838052881478689e+01 1.733850183555967917e+01
-5.053615249612571603e+01 3.782854149532435173e+01 1.825164204121620415e+01
-5.044011001308231101e+01 3.736585457407455380e+01 1.914224667582467987e+01
-5.030897334249377195e+01 3.691022532077248997e+01 2.003184174810108331e+01
-5.018717036587718638e+01 3.641939432689176215e+01 2.090295599087872702e+01
-5.005918759765845039e+01 3.590321315794705015e+01 2.175946301892419399e+01
-4.989505817035961144e+01 3.539282946711825417e+01 2.261261331409621178e+01
-4.976282491898956550e+01 3.482870543810346931e+01 2.343744201646677894e+01
-4.957830764631963660e+01 3.427713582831689365e+01 2.426085067770758386e+01
-4.940776347490855613e+01 3.369139021461469241e+01 2.506217932962554684e+01
-4.922520902943364263e+01 3.308598326844073512e+01 2.584686609629900289e+01
-4.899985942103830183e+01 3.248517713723653344e+01 2.662443491149827679e+01
-4.881173582383186726e+01 3.183568074597789632e+01 2.737126987354598029e+01
-4.855324697877755113e+01 3.120350772862303401e+01 2.811388589889355671e+01
-4.831581557015548611e+01 3.053689384657618433e+01 2.883075207733003609e+01
-4.805006060379847810e+01 2.984756392641707379e+01 2.951782770547607626e+01
-4.778050266114577482e+01 2.916210554831786439e+01 3.020468705295052558e+01
-4.744973382857312316e+01 2.847995712018211023e+01 3.086804265770292233e+01
-4.716042054680410445e+01 2.774975096856456602e+01 3.150067579803935303e+01
-4.678190567345149020e+01 2.705278808816005665e+01 3.212186761504933941e+01
-4.643112266506086883e+01 2.631822545138592417e+01 3.271548038036743122e+01
-4.603099808270135895e+01 2.559311222929187579e+01 3.328737718202342677e+01
-4.557953010838150476e+01 2.488110969730416144e+01 3.384191648626774906e+01
-4.512552988942631060e+01 2.413893407140445646e+01 3.435014435290680979e+01
-4.464525051942506195e+01 2.340529941089361543e+01 3.484736256394410248e+01
-4.407335510422763747e+01 2.272425459172839624e+01 3.531820675001843313e+01
-4.351931662409182877e+01 2.200702731305071680e+01 3.575913036807192213e+01
-4.292190097871751675e+01 2.130837396959618601e+01 3.616776900452092036e+01
-4.224598986720499738e+01 2.066298917775786492e+01 3.655073634630595336e+01
-4.148886080302784762e+01 2.008926031273496804e+01 3.688436651766200924e+01
-4.074608871243467689e+01 1.948079772954943323e+01 3.719040733468892768e+01
-3.995912500991815364e+01 1.891569723888539301e+01 3.747534726203998190e+01
-3.908141851836742831e+01 1.847701784863194163e+01 3.769964096423942834e+01
-3.814869954855969070e+01 1.813756865031102805e+01 3.787730400885565274e+01
-3.721471612647725635e+01 1.779729776496073157e+01 3.804044641586718711e+01
-3.626155597231953465e+01 1.751160240150866798e+01 3.816352275418415729e+01
-3.525874396089849938e+01 1.745635882011199769e+01 3.818764562917962735e+01
-3.423914378363667765e+01 1.745340093837736362e+01 3.818856258002487891e+01
-3.324261644786491132e+01 1.747573240547184170e+01 3.818015701003366758e+01
-3.228171494225657057e+01 1.777908489814258530e+01 3.805013974394520204e+01
-3.131239578840457938e+01 1.806337577484367429e+01 3.791215457334048011e+01
-3.038346133999621301e+01 1.837957804891508573e+01 3.775186466152386089e+01
-2.954502924018288113e+01 1.887088028410525453e+01 3.751552109578355498e+01
-2.876735942714189775e+01 1.946672708559561471e+01 3.722142968972802635e+01
-2.801502818189811705e+01 2.008125581123156422e+01 3.689306532679562167e+01
-2.730157212782954801e+01 2.069378483708178962e+01 3.653800750733975633e+01
-2.670768980926953162e+01 2.140107506971136075e+01 3.613231125120259435e+01
-2.618128214003868237e+01 2.215055988388120767e+01 3.568562101647330564e+01
-2.566575985052322650e+01 2.288380174761811858e+01 3.520965335065647395e+01
-2.515553751011639250e+01 2.359839940455661633e+01 3.471712539732431679e+01
-2.469430714407521066e+01 2.434268571680012272e+01 3.421912770548026828e+01
-2.435010866514792127e+01 2.510294820680340067e+01 3.365565076116241272e+01
-2.398267974248542345e+01 2.585000652694948542e+01 3.308600598385315550e+01
-2.360668808054620627e+01 2.658843888072917494e+01 3.251228657117401610e+01
-2.331165123050324439e+01 2.731920339993141411e+01 3.188671227963263632e+01
-2.303448655100617515e+01 2.804290477852769214e+01 3.124104611036722190e+01
-2.270603325675997652e+01 2.875741470470750372e+01 3.061077481444997161e+01
-2.245066441344749109e+01 2.945552921010088809e+01 2.993213567686974130e+01
-2.222535291838253357e+01 3.014278302338003357e+01 2.922789564901330550e+01
-2.196802162350105547e+01 3.081753688647832590e+01 2.852550887717624661e+01
-2.175843951786811914e+01 3.147388759735284580e+01 2.778730981578064174e+01
-2.155636694510977236e+01 3.213133516446198712e+01 2.705129619408833008e+01
-2.141309485449365013e+01 3.275094937845954490e+01 2.627042529294869766e+01
-2.122923164887544445e+01 3.336856706331607825e+01 2.549426500015192687e+01
-2.105567672529835832e+01 3.396722269970021557e+01 2.470321106914357401e+01
-2.093975331527521533e+01 3.453038611626860188e+01 2.387547497042989875e+01
-2.077931984731755932e+01 3.509768595058455531e+01 2.305720152957242064e+01
-2.064345942794752631e+01 3.563673373626751584e+01 2.221801751151627613e+01
-2.054604311616058254e+01 3.614371081352489767e+01 2.135194123499860908e+01
-2.040613069720672357e+01 3.665659165364614580e+01 2.049528575371665085e+01
-2.030629793265768512e+01 3.712924655559719866e+01 1.961198556669298299e+01
-2.021998620309564743e+01 3.757980013984205669e+01 1.871393075822146201e+01
-2.010280238711083456e+01 3.803203893224640098e+01 1.782113541283497682e+01
-2.003209389163340504e+01 3.843481661707038199e+01 1.690035017887145941e+01
-1.995234356307694412e+01 3.882943172103327356e+01 1.597579248710445832e+01
-1.986337651831020779e+01 3.921146809795078525e+01 1.504830902506858514e+01
-1.981152492935156317e+01 3.954565974743478307e+01 1.409851494745705480e+01
-1.973770034317517741e+01 3.988376835877368620e+01 1.315154847332163612e+01
-1.967816081140369633e+01 4.018748064944895049e+01 1.219330697283935905e+01
-1.963743740494237500e+01 4.045619078524708101e+01 1.122205097330207124e+01
-1.957508337790757835e+01 4.073147802974511933e+01 1.025460019213413076e+01
-1.953923583621600457e+01 4.095525193025906674e+01 9.272839492241701009e+00
-1.950472095398809458e+01 4.116296926397937739e+01 8.286508135778397843e+00
-1.946138379821569231e+01 4.136346368204708313e+01 7.300384197031848821e+00
-1.944095285206801549e+01 4.151196022156965171e+01 6.303377371829053999e+00
-1.941159493250541601e+01 4.166232549627935100e+01 5.306807550688099617e+00
-1.939006862047190083e+01 4.177732367770003208e+01 4.306404772687069560e+00
-1.937979714792059482e+01 4.185681914088247879e+01 3.301037127023296769e+00
-1.936146865725787336e+01 4.194158756023462331e+01 2.297025745672117925e+00
-1.935664747409481024e+01 4.197284881844513649e+01 1.289747269946811326e+00
-1.935452812431887892e+01 4.199116307445174812e+01 2.814012353780441233e-01
-1.935179032521910258e+01 4.199635883813232340e+01 -7.258274005808627027e-01
-1.935894192614347631e+01 4.195187325680131352e+01 -1.733145701247942316e+00
-1.936715323240681741e+01 4.191261002325605034e+01 -2.740479118415217741e+00
-1.937920038172490678e+01 4.182895065374263766e+01 -3.744372344065308056e+00
-1.939743020759319236e+01 4.171843440312598261e+01 -4.746674680842859928e+00
-1.941933483236678981e+01 4.160863490690832833e+01 -5.747940363111405659e+00
-1.944294014832897943e+01 4.144380671119512982e+01 -6.742140090638812033e+00
-1.947576875037760047e+01 4.127785377455834492e+01 -7.736168513185905482e+00
-1.950935683623998074e+01 4.108205208349007620e+01 -8.723629002517538922e+00
-1.954558961394040395e+01 4.084784563254766709e+01 -9.703841243855592325e+00
-1.959577494507884765e+01 4.062104229306658709e+01 -1.068447639848718467e+01
-1.963832097957362066e+01 4.034018057754676079e+01 -1.165140853733821302e+01
-1.969417550289164254e+01 4.005046849654563346e+01 -1.261561117632022366e+01
-1.975750052819194025e+01 3.974705066311459944e+01 -1.357402413782951989e+01
-1.981313565150396983e+01 3.939521790815636848e+01 -1.451733628022467926e+01
-1.989327612794529188e+01 3.905064392089843750e+01 -1.546115207672119141e+01
