4.684490254910207341e+01 -3.800275039672852273e+01 1.788269805908203836e+01
4.670644886762134007e+01 -3.754609080551814770e+01 1.877146567184621517e+01
4.652275174567435556e+01 -3.710935844073217993e+01 1.966264422023202130e+01
4.634913653919726784e+01 -3.663038873488444835e+01 2.053265838168099222e+01
4.616375148989001787e+01 -3.612871983466084203e+01 2.138802556025351720e+01
4.594351147957981851e+01 -3.563193549963310147e+01 2.223823172299476880e+01
4.574425894763545131e+01 -3.508296506181311969e+01 2.306021866745480864e+01
4.549867528739652300e+01 -3.453349345863718867e+01 2.386965168277382787e+01
4.523842507089047871e+01 -3.398605413413890375e+01 2.467624011793736827e+01
4.494994837577355185e+01 -3.340621510568234243e+01 2.544951786689650675e+01
4.465419555618594671e+01 -3.280317577217032010e+01 2.620261756939917319e+01
4.430703359487498005e+01 -3.221667374687019958e+01 2.694597142843786841e+01
4.398460194409410917e+01 -3.158005467385548570e+01 2.765937160542333118e+01
4.359741418579748284e+01 -3.096914491774280620e+01 2.836248953094066394e+01
4.321544323080355099e+01 -3.032891310589338119e+01 2.904133060748029038e+01
4.281383808648165967e+01 -2.967253884573473144e+01 2.969304932288787313e+01
4.234306931658528583e+01 -2.904184347048535386e+01 3.032562440527089720e+01
4.178738998918445446e+01 -2.843588482624416258e+01 3.090934520661389939e+01
4.123764159514596628e+01 -2.779440300898924221e+01 3.146133521911002617e+01
4.062289709760659662e+01 -2.719907548720814106e+01 3.199487226386403904e+01
4.000297705286298111e+01 -2.658855485598202861e+01 3.250456019529912055e+01
3.931675892540501138e+01 -2.600677853644256388e+01 3.295469042683221517e+01
3.848129148803235466e+01 -2.555714104898657979e+01 3.330281565632415663e+01
3.761667048507928968e+01 -2.514907082034486052e+01 3.363159770679138205e+01
3.676225495741248039e+01 -2.472352759331624483e+01 3.395351955925076481e+01
3.583183940641740861e+01 -2.446538360142614721e+01 3.412947398058103232e+01
3.480822103215592733e+01 -2.446627880115909903e+01 3.412895169871560341e+01
3.377471656178231996e+01 -2.443032615692444054e+01 3.415305694265084213e+01
3.284881117402676409e+01 -2.474572651201128437e+01 3.393748189650467140e+01
3.191071288246826043e+01 -2.509110312152257904e+01 3.367708555406459681e+01
3.101251518874684621e+01 -2.542276510807296219e+01 3.340938447398018951e+01
3.025988117831441926e+01 -2.591778517627793121e+01 3.302839327579857098e+01
2.962297895912499968e+01 -2.655034469439906175e+01 3.254042570707220250e+01
2.899055814728917468e+01 -2.716995476794738451e+01 3.202219863445270676e+01
2.836140535358751080e+01 -2.775739505818383890e+01 3.149479263711671351e+01
2.780880435629308778e+01 -2.838265357923877730e+01 3.094126370989462060e+01
2.740361073775975242e+01 -2.905589111035196126e+01 3.031084116055061983e+01
2.700374191210975994e+01 -2.971647284310740744e+01 2.966055324778515256e+01
2.659491201515276515e+01 -3.037033857406733972e+01 2.900987975248207817e+01
2.624656301519050317e+01 -3.101009129682571341e+01 2.831457725456406038e+01
2.593255293886016233e+01 -3.163975332781851790e+01 2.759069222974801505e+01
2.557834421016560356e+01 -3.226625684994333909e+01 2.688346469479232326e+01
2.525685170724735329e+01 -3.286387428663124410e+01 2.613919238439224912e+01
2.498421902235346792e+01 -3.345063093992208536e+01 2.536381867583560989e+01
2.474837516991969366e+01 -3.404770537677840281e+01 2.458539816441001236e+01
2.454608590935034584e+01 -3.461181747974686829e+01 2.377311082123385688e+01
2.432453955346131025e+01 -3.517037863355713512e+01 2.296216272488268473e+01
2.415735694266960110e+01 -3.569212853723645651e+01 2.211653395492089658e+01
2.398582193688049813e+01 -3.620422372417993273e+01 2.126386403360575983e+01
2.379913665857658600e+01 -3.670805326664043378e+01 2.041023502071602280e+01
2.366759314923304558e+01 -3.716855477448622480e+01 1.952314276600640497e+01
2.352043667747727085e+01 -3.762534522444954632e+01 1.863523351219331303e+01
2.336895722085223781e+01 -3.806768133457151038e+01 1.774223360197152033e+01
2.326623061900528455e+01 -3.846425316510211445e+01 1.682038004317416835e+01
2.313874816359975384e+01 -3.886415755162122565e+01 1.590256968809336513e+01
2.302415294205552243e+01 -3.923656824459985160e+01 1.497331705041503191e+01
2.294260728677641481e+01 -3.956913091178233088e+01 1.402390061630450013e+01
2.283384645500072452e+01 -3.990950441521925995e+01 1.308031842195172167e+01
2.275412428886028948e+01 -4.020580306468890086e+01 1.212023081931036295e+01
2.268796430845519652e+01 -4.047583610060960524e+01 1.114978394719905097e+01
2.260240918628078077e+01 -4.074919767133074799e+01 1.018288426731508345e+01
2.255047806607524308e+01 -4.096888412173513672e+01 9.199835287877929701e+00
2.249565910617881315e+01 -4.117950681646766498e+01 8.214175529520755248e+00
2.243862926916790101e+01 -4.137494275730322357e+01 7.226983086961195291e+00
2.240678152743368656e+01 -4.152178675631055427e+01 6.228989264603537634e+00
2.236380348421553066e+01 -4.167349157426198758e+01 5.232308181152339088e+00
2.233547102445620425e+01 -4.178344621901563016e+01 4.230553700293675945e+00
2.231862086189208583e+01 -4.186304624887995374e+01 3.224325930803200180e+00
2.229404937700609679e+01 -4.194579099642245978e+01 2.219531720515340645e+00
2.228804095112506189e+01 -4.197383267655487060e+01 1.211139484182514270e+00
2.228395999631896984e+01 -4.199381194015292351e+01 2.019650977420696381e-01
2.228236745193928314e+01 -4.199377066949958959e+01 -8.061169173728117698e-01
2.229380834594798344e+01 -4.194780155433934254e+01 -1.814328715905370926e+00
2.230542559776366573e+01 -4.190828243848627466e+01 -2.822398888754634516e+00
2.232538243056860949e+01 -4.181958141273320706e+01 -3.826741940261275232e+00
2.235318894022590896e+01 -4.170997487643765567e+01 -4.829832458201137158e+00
2.238462492995313369e+01 -4.159598546564904353e+01 -5.831132134067989803e+00
2.242261585905169241e+01 -4.142814399094513078e+01 -6.825425771518185414e+00
2.247025163136649084e+01 -4.126443660461639240e+01 -7.820038214404542387e+00
2.252013290665585998e+01 -4.106133816436129536e+01 -8.806321212153246591e+00
2.257764727172625641e+01 -4.082789959941230507e+01 -9.786643876031483558e+00
2.264745011425005572e+01 -4.059855065309792366e+01 -1.076619406173309912e+01
2.271414049134609670e+01 -4.031274848572852676e+01 -1.173142207583261865e+01
2.279898722288388058e+01 -4.002855951038436189e+01 -1.269601367586040830e+01
2.288532057555165622e+01 -3.971410742342761324e+01 -1.364989155717011116e+01
2.297518331636758404e+01 -3.936355041107657371e+01 -1.459201635633117533e+01
2.308955941844378046e+01 -3.902200604059147793e+01 -1.553415998389821873e+01
2.318998935956485496e+01 -3.862365947759715112e+01 -1.645538568169397209e+01
2.331812552597033417e+01 -3.822769688733990279e+01 -1.737466912264699204e+01
2.344904094448686394e+01 -3.780612613180846893e+01 -1.828093077773104014e+01
2.357937318853081266e+01 -3.734810086482703184e+01 -1.917050541534650421e+01
2.374640919478979129e+01 -3.690035584693552551e+01 -2.005904733263773920e+01
2.388976235629638012e+01 -3.639812049776617187e+01 -2.092173842885797796e+01
2.407410591772549679e+01 -3.590263774882271264e+01 -2.178134438522751637e+01
2.426013776364140284e+01 -3.538173468778591513e+01 -2.262430172661084171e+01
2.444812774251521859e+01 -3.483047286546874943e+01 -2.344786440382216242e+01
2.467943045366584087e+01 -3.428655059474878186e+01 -2.426621914126937796e+01
2.490042509821236649e+01 -3.369530596096005581e+01 -2.505231204828741198e+01
2.516188281039421781e+01 -3.309637906665348339e+01 -2.582166191618613027e+01
2.546728848173293969e+01 -3.251002059269379885e+01 -2.658264416184887935e+01
2.578067972676090136e+01 -3.189367775574919150e+01 -2.731678449758245364e+01
2.609918850279006719e+01 -3.125400263109122889e+01 -2.802866865422336318e+01
2.648080066896366702e+01 -3.063686747249955999e+01 -2.872956737209410250e+01
2.682809851599338558e+01 -2.996787746758684889e+01 -2.939983242187694756e+01
2.725330348584563822e+01 -2.933078462756492399e+01 -3.005667438395363433e+01
2.767076157410709669e+01 -2.866691045290557227e+01 -3.069082025093654309e+01
2.819074659836450181e+01 -2.801767878487247643e+01 -3.126116447885767258e+01
2.879729197007763020e+01 -2.741353889747930950e+01 -3.179614140437726988e+01
2.944475630003644184e+01 -2.683460526562346971e+01 -3.230963128632815540e+01
3.007291052380475094e+01 -2.621187393912488872e+01 -3.279537970578017791e+01
3.078140422258460163e+01 -2.564660829657708874e+01 -3.323435499165565687e+01
3.167634230319419686e+01 -2.527632540160006869e+01 -3.352207987229289188e+01
3.258988671822589112e+01 -2.493966035318704755e+01 -3.379142580581315514e+01
3.349607860486197808e+01 -2.458453096644633362e+01 -3.404836022601199375e+01
3.445229502439636349e+01 -2.446145526037750173e+01 -3.413086835401458075e+01
3.546053211464634813e+01 -2.461779024380866687e+01 -3.402308073680278966e+01
3.650663017143896383e+01 -2.468454727147296879e+01 -3.398064568814492503e+01
3.737743231761537999e+01 -2.509615489222468554e+01 -3.365979273211078038e+01
3.827358608827968567e+01 -2.547751638590812462e+01 -3.336104546034147944e+01
3.912359841887591472e+01 -2.589565828090319499e+01 -3.303756515283109252e+01
3.984764595204870119e+01 -2.644067815142134137e+01 -3.262285069762818779e+01
4.046245024835242532e+01 -2.706514268587006811e+01 -3.211399870064224871e+01
4.104902939742987655e+01 -2.767630961737195960e+01 -3.156742236338933338e+01
4.165278837164051851e+01 -2.828218597877177487e+01 -3.103451527344011751e+01
4.224671781236843060e+01 -2.888436897929645752e+01 -3.048566895175803637e+01
4.274729023332633204e+01 -2.950505738133118783e+01 -2.986757404821531381e+01
4.316732704134938103e+01 -3.016077813331562396e+01 -2.922399749664987212e+01
4.352868846088341570e+01 -3.080896130415267820e+01 -2.853929058675361574e+01
4.387418029447515266e+01 -3.143258442434918720e+01 -2.782576489875477677e+01
4.425770325281099815e+01 -3.205325331549136791e+01 -2.712848657971521860e+01
4.460882857207474217e+01 -3.266028877481917903e+01 -2.640552982920358716e+01
4.490349065550294938e+01 -3.324870740226942445e+01 -2.564059996191198465e+01
4.520879514536600396e+01 -3.383191273186274373e+01 -2.487506882272591469e+01
4.548770656868765627e+01 -3.438839639531931169e+01 -2.408140945367974695e+01
4.573340012156695167e+01 -3.495098553236013572e+01 -2.327967036691082825e+01
4.593953855946591602e+01 -3.549180658595750515e+01 -2.245529927844629370e+01
4.612093534200957379e+01 -3.599895554018109323e+01 -2.160206750727858349e+01
4.633631688837431994e+01 -3.650888597983469452e+01 -2.075794703587752466e+01
4.651215871846313377e+01 -3.698517149898253820e+01 -1.988783414017981599e+01
4.666218359673307958e+01 -3.743610619945788187e+01 -1.899751972191086935e+01
4.684480613316245723e+01 -3.789051954183641158e+01 -1.811535578491744758e+01
4.698176312054830106e+01 -3.830234040879342672e+01 -1.720590115903588213e+01
4.710773267766106187e+01 -3.869510020060837974e+01 -1.628464360651541298e+01
4.725747036080709051e+01 -3.908791611324847537e+01 -1.536801318769858682e+01
4.735973138507022639e+01 -3.943111053594417115e+01 -1.442534999045563815e+01
4.746668964926487178e+01 -3.976526993100342366e+01 -1.347889843255122244e+01
4.758071589707584081e+01 -4.008795832806205084e+01 -1.253088379716620615e+01
4.765572354444670822e+01 -4.036204999692816386e+01 -1.156264351709548599e+01
4.774634940530882687e+01 -4.063758161505569433e+01 -1.059600603207936231e+01
4.782369882965618046e+01 -4.088206221949734243e+01 -9.621311670997425125e+00
4.787771059415256758e+01 -4.108859191075811879e+01 -8.634629218079385993e+00
4.794899927270009243e+01 -4.130095353616082576e+01 -7.651019481869443695e+00
4.799414445829263087e+01 -4.146448543412688537e+01 -6.656959312282755725e+00
4.803185823935090326e+01 -4.160700140873240827e+01 -5.658194130129411192e+00
4.807752226173686694e+01 -4.174583692666939783e+01 -4.660604952394910683e+00
4.809797412203884903e+01 -4.183214495682532430e+01 -3.655411253651192016e+00
4.812198744686035212e+01 -4.191596829059773910e+01 -2.649879293427663818e+00
4.813810701020772598e+01 -4.196965620326253088e+01 -1.643298487188403545e+00
4.813911398739563197e+01 -4.198475080887698851e+01 -6.339010228672123937e-01
4.814475436240096684e+01 -4.200430688151963210e+01 3.746444362920708926e-01
4.813506454051239558e+01 -4.197264645965789498e+01 1.382786268164227339e+00
4.811900991208746348e+01 -4.192503929296997001e+01 2.391025781250622817e+00
4.810102701006108816e+01 -4.186642016469332361e+01 3.397349019266239889e+00
4.807025254512501533e+01 -4.175795976650324093e+01 4.400297678623408260e+00
4.803525626551397920e+01 -4.165392444417534534e+01 5.403358273955118030e+00
4.799339587803952867e+01 -4.150581102373598696e+01 6.399934138723907040e+00
4.794219940160722615e+01 -4.133219360897911798e+01 7.393036609685902150e+00
4.788425469207416540e+01 -4.115792951587800275e+01 8.384527485853272566e+00
4.782122550355504131e+01 -4.092926597278258782e+01 9.365283512986469105e+00
4.774499684090105234e+01 -4.070341168845175162e+01 1.034587876117224603e+01
4.766598577822086469e+01 -4.044157474096803639e+01 1.131626206681722557e+01
4.757887088509901474e+01 -4.014808953554143045e+01 1.227806181820393405e+01
4.747514473581429684e+01 -3.986024377577216882e+01 1.323903096129657087e+01
4.737609422259722436e+01 -3.951615398914213273e+01 1.418220511929736993e+01
4.725504067388993690e+01 -3.917450531728692908e+01 1.512393641837604719e+01
4.712890601588955519e+01 -3.880709360838995536e+01 1.605425833606714292e+01
4.700417559206914575e+01 -3.839587981414212692e+01 1.696750405178924836e+01
4.684490254910207341e+01 -3.800275039672851562e+01 1.788269805908203125e+01
