5.454597473144533026e+00 3.401932973835241114e+01 2.462854843643883385e+01
5.859006792417036813e+00 3.454987309165257869e+01 2.385705812033706152e+01
6.230673870897563305e+00 3.509076580568903836e+01 2.307645050253927721e+01
6.593994694075310470e+00 3.560187611582444589e+01 2.227175476779181551e+01
6.934928636733316054e+00 3.610184863135686584e+01 2.145117160768272768e+01
7.263589787643463858e+00 3.658524620624565671e+01 2.061400221011892242e+01
7.331635785201781275e+00 3.708128915587656849e+01 1.972643586661627069e+01
7.396655825031708709e+00 3.754417617145975328e+01 1.881961393272376881e+01
7.451558992926043068e+00 3.798986221733775182e+01 1.790416291733937015e+01
7.500927426958889477e+00 3.841648183838562147e+01 1.697898067926221088e+01
7.554904286153021786e+00 3.880991115440774308e+01 1.603954731551601398e+01
7.594723839691670086e+00 3.919409918488716471e+01 1.509575053802211642e+01
7.640745813163652755e+00 3.954266053509004308e+01 1.413816147294126502e+01
7.676698127723803999e+00 3.987661404671744236e+01 1.317547499196467520e+01
7.710939992973860235e+00 4.018681183178670580e+01 1.220433390319780109e+01
7.745397320848642408e+00 4.046519234287951861e+01 1.122392354045372009e+01
7.771044403785671406e+00 4.073309185294756674e+01 1.024020556473412924e+01
7.800266489229729316e+00 4.096158959323557269e+01 9.246551196922940363e+00
7.821105677963367420e+00 4.117929691085893040e+01 8.250653664415988686e+00
7.842201719617102995e+00 4.136631863987445001e+01 7.248080072155834053e+00
7.859860804691244596e+00 4.152720862131156565e+01 6.241387649032822615e+00
7.873831000872306696e+00 4.167304558780801926e+01 5.231982252643479825e+00
7.886980787511063795e+00 4.177906156925297410e+01 4.217718016937822334e+00
7.895688000852362443e+00 4.187690045081979662e+01 3.202725140973246454e+00
7.903099120515843623e+00 4.193693350204017634e+01 2.184455092109807151e+00
7.906901869030169117e+00 4.197934915753531726e+01 1.165773078379301220e+00
7.909280598320812317e+00 4.199818367079666359e+01 1.458819087322165142e-01
7.907277480008886528e+00 4.198304394720809540e+01 -8.737068106938653544e-01
7.905282757466271626e+00 4.195757709982668615e+01 -1.893278221559544061e+00
7.897450332644758930e+00 4.189066534517738205e+01 -2.911017012529449666e+00
7.890110473153810311e+00 4.181407285488191405e+01 -3.927750651626543021e+00
7.878374134101435722e+00 4.170358693158192409e+01 -4.941769493541849911e+00
7.863588432767402381e+00 4.157060619213005737e+01 -5.952523428810082784e+00
7.849371481253706762e+00 4.141870646259464195e+01 -6.961080786961214351e+00
7.826211158075341068e+00 4.123015799700632300e+01 -7.963013175971707547e+00
7.808218984067559987e+00 4.103275026373689371e+01 -8.963384323637356488e+00
7.778916647452582822e+00 4.079542272243591583e+01 -9.954982591295287619e+00
7.754020497654229516e+00 4.054734363743629899e+01 -1.094362551126483041e+01
7.722376394036606584e+00 4.026803856414195337e+01 -1.192422869044888323e+01
7.687039430660411732e+00 3.996588373847662012e+01 -1.289737662133182994e+01
7.654235214348470429e+00 3.964594443926176126e+01 -1.386535238958389193e+01
7.607765232064675587e+00 3.929145260057868683e+01 -1.482048246518847279e+01
7.570784864217045218e+00 3.892752385337734466e+01 -1.577242454406258609e+01
7.516689159427057731e+00 3.852679907691686623e+01 -1.670895721782780186e+01
7.471453225407738152e+00 3.811592112240553121e+01 -1.764102757314518399e+01
7.414099525730173390e+00 3.767437530358181874e+01 -1.855889257368571776e+01
7.356387501515691874e+00 3.721450550392809475e+01 -1.946714118195105314e+01
7.298827944882667396e+00 3.673278953275811887e+01 -2.036478588610327378e+01
7.090775403274006017e+00 3.623813577778330597e+01 -2.121964788135143820e+01
6.695878401077863806e+00 3.574698394257728751e+01 -2.204103779798029805e+01
6.341756208566060593e+00 3.526329587122157960e+01 -2.280675804369296245e+01
5.941516798778883057e+00 3.462128906158758923e+01 -2.377544794747045387e+01
5.530741366927570013e+00 3.406495427986687474e+01 -2.456640084502603827e+01
5.294919174143065455e+00 3.440445396463770322e+01 -2.407118765640676017e+01
5.154662796805190794e+00 3.505845760311885329e+01 -2.312975200969638578e+01
4.989042612616529482e+00 3.559639090232232661e+01 -2.227617626817361440e+01
4.850562402215074620e+00 3.612752319838897108e+01 -2.141608226529564263e+01
4.711330714357221616e+00 3.663019702459965998e+01 -2.053917542925189110e+01
4.581996325843000761e+00 3.711136090708906465e+01 -1.964964783989648467e+01
4.469868687415891273e+00 3.758152628980528220e+01 -1.875151138080289215e+01
4.352898519801800425e+00 3.801554079996771662e+01 -1.783605456621410212e+01
4.255439162842243661e+00 3.844103679750805469e+01 -1.691449868886297381e+01
4.159166795307846165e+00 3.883794288082040680e+01 -1.597981011262239193e+01
4.069292506971537549e+00 3.920934270782014153e+01 -1.503449226525391857e+01
3.992449209538243338e+00 3.956952739911947248e+01 -1.408325592708693108e+01
3.914402931072011871e+00 3.989256519423130953e+01 -1.311905484636946539e+01
3.849069265907477888e+00 4.020430290063131906e+01 -1.215025706692044949e+01
3.785873905135303641e+00 4.048585702402419173e+01 -1.117183646972173960e+01
3.729056661000792250e+00 4.074177008054830651e+01 -1.018642380634236844e+01
3.680063339853482329e+00 4.098354769186083502e+01 -9.196579815112325917e+00
3.636328526585391518e+00 4.118416802132923493e+01 -8.197748475776334587e+00
3.614806635805748680e+00 4.137518913788177599e+01 -7.196142040288538766e+00
3.599374183274564043e+00 4.154124694089714609e+01 -6.190209074875849815e+00
3.584923455025143646e+00 4.168080858679123679e+01 -5.179794454113641144e+00
3.572702815021177258e+00 4.178968220667239564e+01 -4.165867485279782123e+00
3.564075447104244621e+00 4.188463583595468265e+01 -3.150399606323716739e+00
3.556798192786180035e+00 4.194140637371599212e+01 -2.131947452562878986e+00
3.552973038926970251e+00 4.198644656446872858e+01 -1.113219714089281442e+00
3.550941180596809410e+00 4.199805157844244974e+01 -9.313984524480892202e-02
3.552164858024055683e+00 4.198802516496818527e+01 9.265014619757135916e-01
3.554421496633992650e+00 4.195731306034311814e+01 1.946089744754935458e+00
3.561595274021750690e+00 4.189128358497374194e+01 2.963844502361803634e+00
3.568168598532301949e+00 4.181366867182791935e+01 3.980719734124370746e+00
3.580688582422290267e+00 4.169816716491309450e+01 4.994202252809513354e+00
3.592753277016299318e+00 4.156919064962564647e+01 6.005628790206041678e+00
3.608478693901212786e+00 4.141049568500353928e+01 7.013236023515069029e+00
3.625031453427490558e+00 4.121995263612301130e+01 8.014839627595918614e+00
3.663266491783756074e+00 4.101754189429746589e+01 9.013750299887377082e+00
3.706660233666372761e+00 4.079301355977160171e+01 1.000795676022389458e+01
3.767236614010081031e+00 4.053144651503517792e+01 1.099180208048767149e+01
3.822093039418020588e+00 4.025918370432106741e+01 1.197320139776369174e+01
3.893892303665112742e+00 3.995176681048891965e+01 1.294312170131182604e+01
3.965116192101025394e+00 3.962880238469672634e+01 1.390761914064555782e+01
4.045259612294913154e+00 3.927953680926727031e+01 1.486272081641845588e+01
4.136246809854493556e+00 3.890563684226397356e+01 1.580676957420073769e+01
4.223925067823321555e+00 3.851616383070796701e+01 1.674551680473272697e+01
4.334933148432797090e+00 3.809412384462799395e+01 1.766695932656030266e+01
4.433113788298200575e+00 3.766350568015918299e+01 1.858634517623539750e+01
4.563077868127090042e+00 3.719691432957486654e+01 1.948377680796817657e+01
4.676836716608677058e+00 3.672384162219592696e+01 2.037991975447013360e+01
4.823675596949464683e+00 3.621660017917118779e+01 2.125260824089681932e+01
4.956796349047524863e+00 3.570148909951320348e+01 2.212228180016909462e+01
5.120206168597487562e+00 3.515627804403410295e+01 2.296892581508576470e+01
5.249978424397936827e+00 3.461156841721869171e+01 2.382099132723799428e+01
5.454597473144531250e+00 3.401932973835240404e+01 2.462854843643882319e+01
