-2.458925261350682590e+01 -3.937198720955185394e+01 -1.459708672200171264e+01
-2.475732799705070164e+01 -3.901968630355780476e+01 -1.553528212000117037e+01
-2.493534965114752922e+01 -3.863611644601095207e+01 -1.645945166869636722e+01
-2.512654590580489611e+01 -3.823280455871250183e+01 -1.737217548073705231e+01
-2.533793059095571465e+01 -3.781748192798742991e+01 -1.827548538018201185e+01
-2.558071020651346927e+01 -3.736887803598989422e+01 -1.915362712824519420e+01
-2.590262105203890997e+01 -3.692323948361268293e+01 -2.000886683909287811e+01
-2.623236144121710822e+01 -3.645231916402622829e+01 -2.084657115031523844e+01
-2.658831139873866789e+01 -3.597700386613567503e+01 -2.167144808105281939e+01
-2.694314384818128261e+01 -3.546679225104399791e+01 -2.247775284263505569e+01
-2.739038748936738088e+01 -3.498053955025886097e+01 -2.324580470620628603e+01
-2.796950969871287640e+01 -3.450456172788695852e+01 -2.393175805128317180e+01
-2.857448650527932443e+01 -3.403950759352791522e+01 -2.460359649186727182e+01
-2.922936764004496979e+01 -3.357818846370053478e+01 -2.521486025289963706e+01
-3.011928598305003746e+01 -3.325812933151343032e+01 -2.563622906458285655e+01
-3.102151664103750761e+01 -3.300623787610483362e+01 -2.596816994646160026e+01
-3.205653557703168133e+01 -3.294294480726627228e+01 -2.605149032295348732e+01
-3.302875581236194336e+01 -3.306033524722630546e+01 -2.589680017452014837e+01
-3.398348876414529229e+01 -3.327906684281364136e+01 -2.560658740449573756e+01
-3.487188181809261778e+01 -3.356719740469937818e+01 -2.523303690558362078e+01
-3.566910056345575697e+01 -3.395154488549731298e+01 -2.472472070626117002e+01
-3.645044330558010870e+01 -3.432303127019713429e+01 -2.419187380829697176e+01
-3.714370726523227972e+01 -3.475058566123878734e+01 -2.358492356081917407e+01
-3.780184038207695352e+01 -3.517911301158081727e+01 -2.293629643839777543e+01
-3.842955211918927461e+01 -3.560652237503255435e+01 -2.226230152562664699e+01
-3.899410452408690730e+01 -3.605267107175496477e+01 -2.154426047176112746e+01
-3.953115425949089001e+01 -3.648063355861339829e+01 -2.079528310365335741e+01
-4.006628128923668442e+01 -3.690413196494431958e+01 -2.004266517003872039e+01
-4.053690978284591750e+01 -3.732621846687759160e+01 -1.924645522099077866e+01
-4.096862131523743500e+01 -3.774063376595572805e+01 -1.842551057080526533e+01
-4.137871484376335474e+01 -3.813339053954686619e+01 -1.758264726112679455e+01
-4.178328131399472767e+01 -3.851655348628079167e+01 -1.673329906297169600e+01
-4.213455818225884286e+01 -3.889016932940690197e+01 -1.585537234265690998e+01
-4.244065316615481720e+01 -3.924012266490628065e+01 -1.495227439105179812e+01
-4.274812705559244819e+01 -3.958040172742686735e+01 -1.404515865146307263e+01
-4.301887333539296776e+01 -3.989259817808822106e+01 -1.311735433133846662e+01
-4.328114080836024158e+01 -4.019382241516242971e+01 -1.218262462476449315e+01
-4.351540591991980023e+01 -4.046210256771755098e+01 -1.123132155939955723e+01
-4.371535773118186796e+01 -4.072165947942826847e+01 -1.026917783016053498e+01
-4.389117662704448009e+01 -4.095833963385010890e+01 -9.296225798644270455e+00
-4.403755269196999222e+01 -4.116242069980619078e+01 -8.311995684102219784e+00
-4.417998146053615471e+01 -4.135637840870444393e+01 -7.324395766403821284e+00
-4.428894665607743519e+01 -4.151202691439699777e+01 -6.326373718508924604e+00
-4.439736515134122641e+01 -4.166094232272788389e+01 -5.326939009139029402e+00
-4.447131752707186791e+01 -4.176860539424268381e+01 -4.319133049469392915e+00
-4.454293634009390246e+01 -4.186798308441640160e+01 -3.310601533868723578e+00
-4.458579104021922035e+01 -4.193079873914236799e+01 -2.296980035407734988e+00
-4.461785335733046765e+01 -4.197572841840494817e+01 -1.282747321571952703e+00
-4.463204614747659349e+01 -4.199672849398773877e+01 -2.665514375833081817e-01
-4.462426496926201480e+01 -4.198505214657241424e+01 7.492320156487004557e-01
-4.460808881671931658e+01 -4.196289862660633929e+01 1.765170344483949938e+00
-4.456432941032603168e+01 -4.189932417038519930e+01 2.778517891501340653e+00
-4.451225261363598662e+01 -4.182612837064701949e+01 3.790465895240999750e+00
-4.443767983562371882e+01 -4.172070216445425217e+01 4.798736614214812235e+00
-4.434608062153653663e+01 -4.158972805380362558e+01 5.801927766782738694e+00
-4.424034640131723961e+01 -4.144553820755852058e+01 6.802495354678257833e+00
-4.411169776614589466e+01 -4.126315430981850341e+01 7.793890495480899183e+00
-4.396956713749067802e+01 -4.107094178454718758e+01 8.781446571733756201e+00
-4.380622439834515802e+01 -4.084913325438290599e+01 9.759905593784777622e+00
-4.362158999837360085e+01 -4.060153284975939414e+01 1.072771869428743052e+01
-4.339961354418781525e+01 -4.033432083125742906e+01 1.168272228070448371e+01
-4.315711749908717110e+01 -4.005365089122719269e+01 1.262854629760483860e+01
-4.289133633530734357e+01 -3.974738091471837009e+01 1.356063745896350703e+01
-4.260452699425820811e+01 -3.941653841126881019e+01 1.447746046048500723e+01
-4.229651046905679834e+01 -3.908080819621032020e+01 1.538589823875190632e+01
-4.196380374746004094e+01 -3.870959017357224496e+01 1.627140322729493960e+01
-4.159631126215243313e+01 -3.834228215901593018e+01 1.714463211534314624e+01
-4.119081860328329014e+01 -3.794391074759137439e+01 1.798703795066705524e+01
-4.076197731581299166e+01 -3.754699405635881249e+01 1.881838312767870747e+01
-4.031048887810885617e+01 -3.712246980656256312e+01 1.962386886647041706e+01
-3.982126481058136136e+01 -3.670817457443978071e+01 2.041197930800156612e+01
-3.928761263277239379e+01 -3.627101296158865296e+01 2.115834498134145747e+01
-3.873005918074401421e+01 -3.584149843551290360e+01 2.189126221659167726e+01
-3.814118364806488870e+01 -3.539683306483124881e+01 2.258983588394557529e+01
-3.749126175261903171e+01 -3.497817745388960731e+01 2.324930988228553375e+01
-3.681931782825160582e+01 -3.454200193565328192e+01 2.387532898205869358e+01
-3.609059047999993197e+01 -3.413953068587542816e+01 2.445555870983695712e+01
-3.529217480187153910e+01 -3.377121276372081837e+01 2.496290349138736886e+01
-3.447235589734108885e+01 -3.340826245338082146e+01 2.543864816691943176e+01
-3.353765478184616455e+01 -3.314618381167512950e+01 2.578367524369363295e+01
-3.258000263893367077e+01 -3.297634216453594291e+01 2.600755463202587592e+01
-3.153499003599196016e+01 -3.293416167830268648e+01 2.606303110941872703e+01
-3.059806810011020062e+01 -3.310908016593310776e+01 2.583272679123898641e+01
-2.968147787747727762e+01 -3.339536802168188245e+01 2.545360429550937553e+01
-2.889790299290684317e+01 -3.376822940236083781e+01 2.496653202563695828e+01
-2.830463377921796564e+01 -3.425864367583703540e+01 2.429249040896435474e+01
-2.771062685615302357e+01 -3.472287212350192931e+01 2.361516936486131613e+01
-2.714545652436028433e+01 -3.519052317739735258e+01 2.291522351717260264e+01
-2.676434401357677473e+01 -3.570064467755562987e+01 2.212177050357038866e+01
-2.643546324496189115e+01 -3.619503681114625238e+01 2.129315020295473104e+01
-2.608446797480514334e+01 -3.667189758422458823e+01 2.046804389065080088e+01
-2.574160776716950849e+01 -3.712635934064883969e+01 1.962573054961684349e+01
-2.545247092864691751e+01 -3.757501840485571876e+01 1.876078936031736788e+01
-2.524103987042681752e+01 -3.800756409201774488e+01 1.786557315404046165e+01
-2.503948886106650917e+01 -3.842125374764748358e+01 1.695997075491706596e+01
-2.485620854071149921e+01 -3.881222333478599751e+01 1.603978587876151352e+01
-2.468332485802084975e+01 -3.918299016304947457e+01 1.511010146129784282e+01
-2.452286734362736098e+01 -3.953382136005804881e+01 1.416970968100969230e+01
-2.437768189906977057e+01 -3.985944451479323902e+01 1.321859208946115238e+01
-2.423824836231228375e+01 -4.016922616176872651e+01 1.226063053675502168e+01
-2.411991102226759764e+01 -4.044732328318425374e+01 1.129068068914160961e+01
-2.400139578669476847e+01 -4.071416875483192399e+01 1.031721952846358903e+01
-2.390755151086340646e+01 -4.094403805494753357e+01 9.331769632636339296e+00
-2.381118826226654406e+01 -4.116476828074586791e+01 8.344584860314785857e+00
-2.373838046822379511e+01 -4.134763892876576108e+01 7.347333920758094550e+00
-2.366625087814299633e+01 -4.151300612362285136e+01 6.347570941003278122e+00
-2.361390496843583975e+01 -4.165954027346214161e+01 5.342983538866892701e+00
-2.357644766900840949e+01 -4.177555015925790372e+01 4.333837258929749581e+00
-2.354717549947697464e+01 -4.186505223001550036e+01 3.322233392966673193e+00
-2.352306066785558869e+01 -4.193829477332887024e+01 2.308653046075952897e+00
-2.351127035325953685e+01 -4.197516816910495407e+01 1.293292322964391783e+00
-2.350261437277724497e+01 -4.200163453520294610e+01 2.773217420083117224e-01
-2.350636807366148417e+01 -4.199012350620785838e+01 -7.389277442307711219e-01
-2.351504513207158809e+01 -4.196340967612174211e+01 -1.754634761804821252e+00
-2.353344497037761940e+01 -4.190846982261355436e+01 -2.769465125025010188e+00
-2.355954157343061794e+01 -4.182538848655900665e+01 -3.781744779139676105e+00
-2.359341309602208980e+01 -4.172842725106981732e+01 -4.793010471996399957e+00
-2.363846954449627802e+01 -4.158987676023058810e+01 -5.798561598486495328e+00
-2.369839374656433861e+01 -4.144156839003365889e+01 -6.802120707192379712e+00
-2.377047589286187801e+01 -4.126759219245332844e+01 -7.800509146483855183e+00
-2.385422679120387457e+01 -4.106990392595903216e+01 -8.794011040750410402e+00
-2.394790660456489917e+01 -4.083908962695025480e+01 -9.779200301678550034e+00
-2.405369161784355114e+01 -4.059845111663148742e+01 -1.076079231291948979e+01
-2.416963547115380351e+01 -4.032134491619866878e+01 -1.173180373738587079e+01
-2.429783336453163400e+01 -4.003044811373271727e+01 -1.269676096951365274e+01
-2.443890870767128121e+01 -3.971616799057951397e+01 -1.365295781238615191e+01
-2.458925261350682945e+01 -3.937198720955186104e+01 -1.459708672200171264e+01
