4.270796261239038927e+01 -3.800275039672850852e+01 1.788269805908203125e+01
4.247935627021646354e+01 -3.755420195804760652e+01 1.876329200835656152e+01
4.219665054727843767e+01 -3.711089954229257870e+01 1.963101524935069264e+01
4.186841615365222680e+01 -3.666896113310755112e+01 2.048287846390358524e+01
4.153656812734794102e+01 -3.617593794196848478e+01 2.130531703654165909e+01
4.116864603003422474e+01 -3.569448583378457585e+01 2.211916389768273916e+01
4.078848128466814416e+01 -3.518954402522295055e+01 2.291206064260806130e+01
4.038835571758824017e+01 -3.466632620382391394e+01 2.368378242650675958e+01
3.995033211203046619e+01 -3.415708149778963332e+01 2.444447052525902819e+01
3.949747239119737685e+01 -3.360741473205317931e+01 2.516564352210144406e+01
3.885274417056270124e+01 -3.312764336544260146e+01 2.578134852853326464e+01
3.813962330631499498e+01 -3.268544930068161136e+01 2.636234547172199782e+01
3.743487626685502789e+01 -3.222998695689642545e+01 2.692401401101507474e+01
3.670885958241236580e+01 -3.175058339188967693e+01 2.746435759692959877e+01
3.577689943020617136e+01 -3.157678497442420351e+01 2.766306585123025386e+01
3.471215959702055187e+01 -3.152473257727100986e+01 2.772011532005337386e+01
3.371587844130452538e+01 -3.143721025124280644e+01 2.781980141464365985e+01
3.286160703283928086e+01 -3.170501228977784791e+01 2.752797511324124713e+01
3.207865667854946423e+01 -3.219516260563858623e+01 2.697067450922111576e+01
3.127336434871538628e+01 -3.262352493466976711e+01 2.643917919984480491e+01
3.056484626354258793e+01 -3.304385894876764240e+01 2.589447283819431078e+01
3.007696238769393560e+01 -3.359583461460339748e+01 2.519673270586451252e+01
2.967947566367201162e+01 -3.416106878478555586e+01 2.442793958439175483e+01
2.927059810892474445e+01 -3.467707839340732079e+01 2.365986878299915830e+01
2.884113603038762008e+01 -3.519687995904343580e+01 2.290372433647680239e+01
2.842395027638000116e+01 -3.569647725675610417e+01 2.212427807924392198e+01
2.805200667541450343e+01 -3.617011599813452705e+01 2.130711526998560856e+01
2.774501637224819461e+01 -3.666587361605402862e+01 2.047614422115665889e+01
2.753134588230386015e+01 -3.713101955419976008e+01 1.960044316072779935e+01
2.729722050819153623e+01 -3.759160766135372711e+01 1.872621514432577428e+01
2.708951341079576380e+01 -3.802462991123211822e+01 1.783383744738946319e+01
2.692205312299016384e+01 -3.842300369736608445e+01 1.691575811112688044e+01
2.672540473381326365e+01 -3.882694542436764351e+01 1.600550622797324252e+01
2.656248973924208912e+01 -3.919408892561047253e+01 1.507532163968934569e+01
2.642650936402605666e+01 -3.953154620647163142e+01 1.412779769796399165e+01
2.626502250528695726e+01 -3.987458649527506793e+01 1.318665513835075309e+01
2.614505258288832579e+01 -4.016997437863727782e+01 1.222458641407122570e+01
2.603500550562863936e+01 -4.044642167077164174e+01 1.125403074673820392e+01
2.591037030877487624e+01 -4.072149430755286659e+01 1.028602096878062788e+01
2.582805117201026235e+01 -4.094247083317962677e+01 9.299548944017720586e+00
2.574016379125776410e+01 -4.115901414508792300e+01 8.311712432024354058e+00
2.565615508706012804e+01 -4.135606528571285878e+01 7.321090830635707647e+00
2.560378516535120497e+01 -4.150506337174068250e+01 6.318515084999245524e+00
2.553821615452676141e+01 -4.166095158349361327e+01 5.317908250899693101e+00
2.549464267257429029e+01 -4.177265364479104903e+01 4.311297128112169474e+00
2.546623010938942144e+01 -4.185488650430568214e+01 3.299781920903828603e+00
2.542959088882334839e+01 -4.194036014854312100e+01 2.289912615312466926e+00
2.541984659897935117e+01 -4.196912153394141853e+01 1.275898574340299296e+00
2.541196129111164126e+01 -4.199244956399122231e+01 2.610853366559211519e-01
2.541055568885600024e+01 -4.199247592395503403e+01 -7.525942565439627252e-01
2.542814142597898552e+01 -4.194715460168083609e+01 -1.766502206673502773e+00
2.544453296841315648e+01 -4.190989038524082133e+01 -2.780259856424844855e+00
2.547696201785898751e+01 -4.181946134486102551e+01 -3.789838082609746639e+00
2.551925054442302709e+01 -4.171305895450895207e+01 -4.798523065044413727e+00
2.556659618597532457e+01 -4.159699426753536500e+01 -5.804576406035184100e+00
2.562803221599560288e+01 -4.142792014961199953e+01 -6.803362057088487624e+00
2.569845016650587155e+01 -4.126770050918671018e+01 -7.802911062747927673e+00
2.577686929328227095e+01 -4.105930054624755599e+01 -8.792105252098370016e+00
2.586836843129942665e+01 -4.083062227059625826e+01 -9.776842617743506381e+00
2.597065692478450316e+01 -4.059780376377914024e+01 -1.075840729219310354e+01
2.607887430337740042e+01 -4.030946857259790761e+01 -1.172524350436623486e+01
2.620751499773778193e+01 -4.003229517940474125e+01 -1.269294365862643126e+01
2.633822908346050085e+01 -3.970921916048965272e+01 -1.364501920623111708e+01
2.648547823663988865e+01 -3.936850889740986759e+01 -1.458963512577962618e+01
2.665011734821787215e+01 -3.902305576528933528e+01 -1.552879469161862680e+01
2.681296732333121113e+01 -3.862451513533953573e+01 -1.644748506634845242e+01
2.700915254591325620e+01 -3.823978622869650223e+01 -1.736593441674348171e+01
2.720094296465479289e+01 -3.780897038849283831e+01 -1.826350268404434729e+01
2.741934376987603272e+01 -3.737056150100556806e+01 -1.915235814745943799e+01
2.765565086023935137e+01 -3.692090545784841282e+01 -2.003053523907879452e+01
2.792117904102310533e+01 -3.642548603307384525e+01 -2.087418576116912305e+01
2.827472994855255450e+01 -3.594014076025424487e+01 -2.169227162094549399e+01
2.866843918503300870e+01 -3.546576324980995309e+01 -2.249829877199375971e+01
2.905822238007473146e+01 -3.494279237244962388e+01 -2.327496996422333098e+01
2.948203155045669277e+01 -3.442530318161993819e+01 -2.403873808337714379e+01
2.993509197397351329e+01 -3.390685605509526823e+01 -2.478230742079064086e+01
3.037295099392754949e+01 -3.333919758795961741e+01 -2.550974604458196993e+01
3.097873214766336858e+01 -3.284978249152560181e+01 -2.614189415030079289e+01
3.176951371644249278e+01 -3.245759340518013403e+01 -2.665139226258671101e+01
3.256438394687160098e+01 -3.205795664495495600e+01 -2.712069567856495311e+01
3.337143771279796312e+01 -3.162033827742531855e+01 -2.761140479786797997e+01
3.428963749156680052e+01 -3.150339305390087219e+01 -2.774649099814831743e+01
3.533214029061778660e+01 -3.165451297350202964e+01 -2.757399158655509552e+01
3.636724074674970808e+01 -3.170815020816025154e+01 -2.751183388389794260e+01
3.717492093161551026e+01 -3.205640594664974685e+01 -2.712372544669739938e+01
3.788387388904164510e+01 -3.257059035299297989e+01 -2.651803544804151969e+01
3.862676268918180966e+01 -3.300354798895789799e+01 -2.595654669190865249e+01
3.930273254883557854e+01 -3.344429744087177880e+01 -2.537338649386867218e+01
3.980722317546504740e+01 -3.397893298571284504e+01 -2.468668367188746871e+01
4.021344182022855307e+01 -3.450168415897353213e+01 -2.391823741695326788e+01
4.064640547335299203e+01 -3.502544649872641713e+01 -2.316372185160074082e+01
4.105264802458211193e+01 -3.553510750730644929e+01 -2.238754304631051184e+01
4.140297700354551580e+01 -3.602104399808194302e+01 -2.156934296913741633e+01
4.175298841391472848e+01 -3.650179407380939267e+01 -2.074654632409095356e+01
4.211648270871256727e+01 -3.697082308651312843e+01 -1.992464146698617711e+01
4.241307395035292416e+01 -3.740470885017899860e+01 -1.905607315962266313e+01
4.266181910434647762e+01 -3.785987217718963649e+01 -1.818317018685646147e+01
4.285048220236512151e+01 -3.826758163632863585e+01 -1.727395853588454955e+01
4.306237082850985587e+01 -3.867402760439092901e+01 -1.636786311372767244e+01
4.325479335584132912e+01 -3.905535358218493514e+01 -1.544870575609235885e+01
4.340299045081349050e+01 -3.939571023491679824e+01 -1.450447143762305835e+01
4.357814144840139647e+01 -3.974326166299552199e+01 -1.356692765539774292e+01
4.372486592491807755e+01 -4.005509501674443840e+01 -1.261410255211337095e+01
4.384135090094369502e+01 -4.033239187848167262e+01 -1.164473750171931243e+01
4.398162863267509692e+01 -4.061717135480373031e+01 -1.068097200547249770e+01
4.408349205416231342e+01 -4.085326915547906879e+01 -9.700637326053918486e+00
4.417378745149309083e+01 -4.106873515641877503e+01 -8.712731736755813472e+00
4.427660036464188664e+01 -4.128344659036442010e+01 -7.727027261076281128e+00
4.433905922687559098e+01 -4.144204199323865367e+01 -6.727187494157899295e+00
4.440642392171930908e+01 -4.159783344542258021e+01 -5.726372864614215352e+00
4.446709166099213917e+01 -4.173144838437128357e+01 -4.723553249969114631e+00
4.449839476632541846e+01 -4.181720107732807179e+01 -3.712711602020797752e+00
4.454110449411384565e+01 -4.191188987160834500e+01 -2.703302088000652414e+00
4.456007532661763548e+01 -4.195762293651920771e+01 -1.690751453531178061e+00
4.456644836258524123e+01 -4.197881839407114057e+01 -6.757768064571364475e-01
4.457647680033776538e+01 -4.199976133074544293e+01 3.379448449786888187e-01
4.456066306579986502e+01 -4.196261190723545553e+01 1.351701993323153772e+00
4.454370522227171847e+01 -4.192761352820328113e+01 2.365966600268430309e+00
4.451564550471533011e+01 -4.185893728275159020e+01 3.376886341087911969e+00
4.447105729822143871e+01 -4.175198770174348795e+01 4.385352291763437549e+00
4.442448155226379214e+01 -4.165304828497470169e+01 5.393792155021224666e+00
4.436151164440386196e+01 -4.149508397646681601e+01 6.393715620500289631e+00
4.428846113191894318e+01 -4.133438680507224916e+01 7.393302596524615744e+00
4.420710066040747677e+01 -4.114941123757118646e+01 8.386647897526888329e+00
4.411228467281073762e+01 -4.092060005641374687e+01 9.370908482543015339e+00
4.400508982175747263e+01 -4.070273953622905339e+01 1.035596323257327889e+01
4.389088364670197251e+01 -4.042719372215133689e+01 1.132523982876911717e+01
4.375896541842622867e+01 -4.014986757575761089e+01 1.229265572006580953e+01
4.361733814073485149e+01 -3.985047816192462022e+01 1.325086093725280456e+01
4.346682582651172311e+01 -3.950848555829348641e+01 1.419433448765884265e+01
4.329306798448126870e+01 -3.917623191132009453e+01 1.513715195709691663e+01
4.311963169236241100e+01 -3.879118860661277068e+01 1.605914381742122643e+01
4.293641652035595513e+01 -3.837253780943535730e+01 1.696587601261619227e+01
4.270796261239038927e+01 -3.800275039672851562e+01 1.788269805908203125e+01
