-1.553714188441396793e+01 3.397871017456053977e+01 -2.468698883056640980e+01
-1.562347910539144280e+01 3.337293735323429900e+01 -2.548421567043574854e+01
-1.568493664062322424e+01 3.276161643272156709e+01 -2.627918274516098052e+01
-1.577732128482059970e+01 3.212107284730367951e+01 -2.704819445167874292e+01
-1.585382088844959725e+01 3.147140671577816562e+01 -2.781047722809105949e+01
-1.595196386014490209e+01 3.079787370827160942e+01 -2.855011990520618781e+01
-1.604776725291320005e+01 3.011128938084367590e+01 -2.927703170912286268e+01
-1.615068699837153687e+01 2.940682404140050110e+01 -2.998649963221852133e+01
-1.625780412285508447e+01 2.869075026884361534e+01 -3.068337800612826527e+01
-1.638627582569904106e+01 2.794772060770264588e+01 -3.134844331937620154e+01
-1.650125271418087536e+01 2.719704712811493863e+01 -3.200768637710375941e+01
-1.666424184854753676e+01 2.642886686128609952e+01 -3.263405974025352663e+01
-1.679245559318906444e+01 2.565063789222901391e+01 -3.325772075127717642e+01
-1.697719015316046409e+01 2.485645858601860780e+01 -3.384432806332078059e+01
-1.712444541388716246e+01 2.405309655292521498e+01 -3.443023624136856853e+01
-1.733948406735740733e+01 2.323695829224789833e+01 -3.497543739107320704e+01
-1.751256757224175686e+01 2.241136426261065040e+01 -3.552127169981251598e+01
-1.775930295937309822e+01 2.157716615745217936e+01 -3.602504580316197291e+01
-1.796814326559398012e+01 2.073205715799998572e+01 -3.652587445553706402e+01
-1.823764195108827479e+01 1.988095988579464901e+01 -3.698981455206330082e+01
-1.855638681160105108e+01 1.903668078345698689e+01 -3.742971701046792532e+01
-1.885286128138938722e+01 1.817771277003592445e+01 -3.786064995773271136e+01
-1.922044635756259723e+01 1.733007888797372686e+01 -3.825209899978084849e+01
-1.959707274164172475e+01 1.647790591386747394e+01 -3.862953490842404136e+01
-2.000731215822684561e+01 1.562882209345439932e+01 -3.897427093860044067e+01
-2.049220740848222277e+01 1.481044647948131399e+01 -3.930022420125785487e+01
-2.105300909486603445e+01 1.402822289910340281e+01 -3.958424094675635274e+01
-2.163381528344665838e+01 1.325062419538738823e+01 -3.984804602589863975e+01
-2.225576708866165276e+01 1.250207719812475204e+01 -4.008956022093165217e+01
-2.298022677692275550e+01 1.183502515201054450e+01 -4.029889684228466962e+01
-2.374627858771647482e+01 1.120649873308341071e+01 -4.047541480855691987e+01
-2.457574513312408016e+01 1.065187612555724961e+01 -4.061664824427761999e+01
-2.547321307398730994e+01 1.020832212238897796e+01 -4.073183292562785596e+01
-2.640965939155832842e+01 9.859756782680848985e+00 -4.082596405856962463e+01
-2.735535335998779871e+01 9.528324260895518094e+00 -4.090358350420581246e+01
-2.833580271766201975e+01 9.303321579159064214e+00 -4.095142729278619242e+01
-2.932287763510822387e+01 9.135430619662415097e+00 -4.098709280911265296e+01
-3.032359136537614219e+01 9.034054913477406856e+00 -4.100864267144462616e+01
-3.132537816399033659e+01 8.981375889563940618e+00 -4.101983908756189834e+01
-3.233089450371105755e+01 8.974160551075769376e+00 -4.102137302683087228e+01
-3.333440420170946084e+01 9.015080180411294108e+00 -4.101267510072278100e+01
-3.433683566872311133e+01 9.085837140417325486e+00 -4.099763713719686820e+01
-3.533552650573379594e+01 9.194446763876406692e+00 -4.097457014392556829e+01
-3.633082776533230174e+01 9.330617556174345850e+00 -4.094561291091375210e+01
-3.732108693387245779e+01 9.497084389111236646e+00 -4.091128624119610890e+01
-3.830860316977474866e+01 9.678666624348158720e+00 -4.086774698394629723e+01
-3.929321643657764440e+01 9.874571224767894506e+00 -4.081744478069917648e+01
-4.026870861874891716e+01 1.010817740878552051e+01 -4.075745825446833948e+01
-4.124294035944195258e+01 1.034592887565738195e+01 -4.069641457974056920e+01
-4.220785692554615309e+01 1.061844474228715285e+01 -4.062643480919705752e+01
-4.316192872178717010e+01 1.092241135350913872e+01 -4.054846700604059606e+01
-4.410624780202224571e+01 1.125486571824199267e+01 -4.046332433651917171e+01
-4.504192227282905492e+01 1.160678658930739182e+01 -4.035872402146074478e+01
-4.595190319945577073e+01 1.201590414281917418e+01 -4.023514600363363058e+01
-4.683188450592281526e+01 1.247746347132466660e+01 -4.009577477271473356e+01
-4.767331256696738961e+01 1.300235387645886576e+01 -3.993698719339545988e+01
-4.849473736883629016e+01 1.354870709626108649e+01 -3.974578907051666476e+01
-4.924976381446885654e+01 1.417585944193880643e+01 -3.952734348529555319e+01
-4.993056621224822322e+01 1.487034404411657462e+01 -3.927803321345390231e+01
-5.058731161296400813e+01 1.557284928435433358e+01 -3.899562198209307695e+01
-5.115122484946805770e+01 1.634616519561498293e+01 -3.868951246290759372e+01
-5.169558221499774930e+01 1.711740471692548837e+01 -3.834362215785066752e+01
-5.213877103006109337e+01 1.794024472643205570e+01 -3.797508799317358807e+01
-5.258031541772825790e+01 1.874641363087280510e+01 -3.757347564577055721e+01
-5.294065369151036293e+01 1.958602840410727808e+01 -3.715516435903156633e+01
-5.330235156458216039e+01 2.040632523089032091e+01 -3.669974484061933850e+01
-5.358372268698083474e+01 2.124662704278341252e+01 -3.622700052287252248e+01
-5.386762514167101301e+01 2.207066125099074227e+01 -3.572861822698634171e+01
-5.413026569417269229e+01 2.288803110080616676e+01 -3.520715957986396916e+01
-5.434123617694419295e+01 2.371059627972330830e+01 -3.466897837614898492e+01
-5.456110907497238571e+01 2.450730332498087449e+01 -3.409785691228521642e+01
-5.474897592142684744e+01 2.530591089837103524e+01 -3.351788330226045787e+01
-5.492484523174664446e+01 2.608607862467481908e+01 -3.290949710561845620e+01
-5.506633378880353291e+01 2.686203510649866288e+01 -3.228738831270515419e+01
-5.523142907913913291e+01 2.761071115497612638e+01 -3.163743798175452682e+01
-5.535180171708898911e+01 2.835825761033815695e+01 -3.097722220636715562e+01
-5.548044846556771148e+01 2.908421156510323868e+01 -3.029454568202654485e+01
-5.560258804247538933e+01 2.979273806543036685e+01 -2.959296518919123287e+01
-5.569681880584629852e+01 3.049485372855482979e+01 -2.888010299214388610e+01
-5.581149763909215267e+01 3.116687100146770462e+01 -2.814197878741775938e+01
-5.589335596275341800e+01 3.183443957352230669e+01 -2.739530730563614824e+01
-5.598603007225464268e+01 3.247618435421142635e+01 -2.662751915929726465e+01
-5.607063952807143892e+01 3.310005157284189181e+01 -2.584459198994865758e+01
-5.613882198654575006e+01 3.371285502057489225e+01 -2.505068391668682537e+01
-5.621910729380788041e+01 3.429551073417297857e+01 -2.423601797387927093e+01
-5.627644350962953013e+01 3.487103849287042578e+01 -2.341391271155800524e+01
-5.634372490701321823e+01 3.541018249642554849e+01 -2.256867392895871305e+01
-5.639773101347842754e+01 3.594787638068110169e+01 -2.172131283896769460e+01
-5.645297991132724036e+01 3.645307272182144231e+01 -2.085435852562401848e+01
-5.649486921618947122e+01 3.694617094395250234e+01 -1.997967469089069681e+01
-5.654768953455982938e+01 3.740592651568430682e+01 -1.908735643972093143e+01
-5.658294689411825118e+01 3.785701500149540522e+01 -1.819022480502103534e+01
-5.662590363402690485e+01 3.827713955908566845e+01 -1.727802598631065933e+01
-5.666046088839407702e+01 3.867988845942412013e+01 -1.635822906023955170e+01
-5.669110664606704120e+01 3.906351588593923196e+01 -1.542972545512438209e+01
-5.672641639333028252e+01 3.941475965194852193e+01 -1.448884760918937253e+01
-5.674951279688097827e+01 3.975708473402494292e+01 -1.354431822433602584e+01
-5.678041033724614550e+01 4.006205030034884373e+01 -1.258706520149848984e+01
-5.680039765534508689e+01 4.035681545949685045e+01 -1.162676932652863648e+01
-5.682308996567373072e+01 4.062179070184815544e+01 -1.065741422354644996e+01
-5.684261973654205491e+01 4.086319594411113343e+01 -9.682333370696534658e+00
-5.685783904203340455e+01 4.108867728154280030e+01 -8.702985302619330454e+00
-5.687566578771820502e+01 4.127709313244542955e+01 -7.716034320523220025e+00
-5.688632290355640464e+01 4.145776901883401422e+01 -6.727585652418619055e+00
-5.689967942430363479e+01 4.159966192610218627e+01 -5.732612988536655685e+00
-5.690765779320219764e+01 4.172933216257857225e+01 -4.736355237319920697e+00
-5.691572718059590130e+01 4.183034811512455775e+01 -3.736301368021063940e+00
-5.692121552823174824e+01 4.190470446668908977e+01 -2.734355484183854657e+00
-5.692506870072813996e+01 4.196450611923857821e+01 -1.731063988478734439e+00
-5.692699228108706677e+01 4.198545287773760748e+01 -7.263456900172725605e-01
-5.692751076056030257e+01 4.199895465879409073e+01 2.784322182213320174e-01
-5.692556827120220220e+01 4.197321718334403329e+01 1.283229966905041097e+00
-5.692237642043703261e+01 4.193486221007473347e+01 2.287176943815317109e+00
-5.691765637457123717e+01 4.186777865562302736e+01 3.290101740101393890e+00
-5.690948032211568375e+01 4.177425537619796359e+01 4.290414578002680557e+00
-5.690282929614651408e+01 4.166577642239345636e+01 5.289605667241776388e+00
-5.688914171394302599e+01 4.151921214418450035e+01 6.283695194509211213e+00
-5.687971366545327356e+01 4.136506060154449926e+01 7.276636944183051625e+00
-5.686208602470761519e+01 4.117175118432078307e+01 8.262840999193841185e+00
-5.684776195867564041e+01 4.096750664424759236e+01 9.246445649595830929e+00
-5.682887962191600195e+01 4.073299816200034229e+01 1.022370459639842366e+01
-5.680700859734459129e+01 4.047567875504778812e+01 1.119463310947792145e+01
-5.678795570413340954e+01 4.020103440787530502e+01 1.216129617921963124e+01
-5.675778568845041150e+01 3.989207740549547054e+01 1.311705334254831712e+01
-5.673657172275338922e+01 3.957430014591763978e+01 1.407017204662575338e+01
-5.670058989064730071e+01 3.921907690483948983e+01 1.500975383686715148e+01
-5.667399396410337431e+01 3.885515760650248751e+01 1.594587934576797217e+01
-5.663593774420244387e+01 3.845889892457890369e+01 1.686891126973818800e+01
-5.660014923879911208e+01 3.804665151833080472e+01 1.778440329547605714e+01
-5.656287447087802889e+01 3.761249640467551103e+01 1.869018921832423885e+01
-5.651500811324061146e+01 3.715171933598513476e+01 1.958191166182068343e+01
-5.647635165836314997e+01 3.667836528942125796e+01 2.046761996542957718e+01
-5.641835689590904224e+01 3.617302236072319488e+01 2.133459543119734647e+01
-5.637085204268391436e+01 3.565082335513393730e+01 2.219173700588230602e+01
-5.631440686012656016e+01 3.511674717710957339e+01 2.304156663301100849e+01
-5.624117385744829534e+01 3.455342378133893533e+01 2.387061277835138284e+01
-5.617517162482136683e+01 3.397614709228210472e+01 2.469039393406738725e+01
-5.609767672373455127e+01 3.337566318691991540e+01 2.549273791281487078e+01
-5.601322835744342399e+01 3.275699595977463474e+01 2.627961005288487684e+01
-5.593386571960812148e+01 3.212297260816396260e+01 2.705563180487195751e+01
-5.582991854044423263e+01 3.146570857197800919e+01 2.780806995607580845e+01
-5.574598109187039086e+01 3.079864622393836271e+01 2.855534168676648932e+01
-5.562281978758785783e+01 3.010596075774671476e+01 2.927251251950491095e+01
-5.552923398887782014e+01 2.940626935576501566e+01 2.998785123860603008e+01
-5.538776009336714878e+01 2.868142418782900194e+01 3.066937186718761055e+01
-5.527793415109277930e+01 2.794999629118039763e+01 3.134929511982858585e+01
-5.511958582100614734e+01 2.719623944219056000e+01 3.199519917234038502e+01
-5.498843648521089733e+01 2.643497432894731602e+01 3.263706897897653647e+01
-5.481230361566820619e+01 2.565508134166247345e+01 3.324672147334977268e+01
-5.465858924584184564e+01 2.486294478631597826e+01 3.384430054227131279e+01
-5.445785635413511727e+01 2.406461456222094597e+01 3.442238897729181701e+01
-5.421475802173227976e+01 2.325592466155119453e+01 3.496736348627450042e+01
-5.398012069314840744e+01 2.243899724893596570e+01 3.550264557467167492e+01
-5.369010180148958966e+01 2.161592795808276080e+01 3.600110275023627793e+01
-5.342528636719840307e+01 2.078372843067189990e+01 3.649680797778665209e+01
-5.308538467590864229e+01 1.995261342818463746e+01 3.694940860579987429e+01
-5.276949161892287066e+01 1.910972815018480020e+01 3.739476715477137958e+01
-5.236097541257108645e+01 1.828697311238278189e+01 3.780490491292437838e+01
-5.188268191505535043e+01 1.748902276110719711e+01 3.818237894730678050e+01
-5.138243326869589822e+01 1.669086463852716307e+01 3.853342836207870903e+01
-5.087543874222201623e+01 1.589247857662655150e+01 3.886970110806296930e+01
-5.025000379306223408e+01 1.516318025520720525e+01 3.916308116542107598e+01
-4.957638510254007969e+01 1.446375649976301681e+01 3.942894307686417932e+01
-4.885866936402452154e+01 1.380147721825953688e+01 3.965861683941605520e+01
-4.806200477157778295e+01 1.322367477651611090e+01 3.986382310039463306e+01
-4.724027905101215907e+01 1.266984976611745672e+01 4.003755639505962449e+01
-4.634683344809214134e+01 1.222800952339661151e+01 4.017090849790783835e+01
-4.546748483514296879e+01 1.176307491352253365e+01 4.031135700836884439e+01
-4.454087869957015045e+01 1.139268342930604661e+01 4.042522572815098414e+01
-4.360182744712135161e+01 1.104526705163639022e+01 4.051681960826869755e+01
-4.264147277712628892e+01 1.075778499807761257e+01 4.059077368906857686e+01
-4.168401550155105895e+01 1.046374896852162628e+01 4.066614833663550144e+01
-4.070779380813770842e+01 1.023190978525206241e+01 4.072568426863401925e+01
-3.973802862688686588e+01 9.977656232941376047e+00 4.079097085632933783e+01
-3.875331396475425549e+01 9.781919511430688274e+00 4.084124931970886507e+01
-3.776948376861808043e+01 9.583932518714677329e+00 4.089196447661706202e+01
-3.678075296514832360e+01 9.405280376662661368e+00 4.093029449939017894e+01
-3.578467309235573168e+01 9.277360320424365980e+00 4.095696409261351789e+01
-3.478923763968580829e+01 9.140177788759881850e+00 4.098609256153408609e+01
-3.378713782840178936e+01 9.068354132368694920e+00 4.100134813312914162e+01
-3.278509339674008061e+01 8.993867248178185392e+00 4.101717930765605757e+01
-3.177991056642269285e+01 8.991699311456731181e+00 4.101764013118407348e+01
-3.077564739787229797e+01 9.006024471297509493e+00 4.101459497219001094e+01
-2.977376787956680104e+01 9.090849438869343047e+00 4.099656509085921385e+01
-2.877864285331056848e+01 9.222669387135399077e+00 4.096854450094984657e+01
-2.779477197394913546e+01 9.424334648344364851e+00 4.092569339745887191e+01
-2.683555578538731012e+01 9.713473784986655701e+00 4.086193311516927196e+01
-2.588904398049670874e+01 1.003892486651349714e+01 4.077517337177465606e+01
-2.498108082801924112e+01 1.045762332329548805e+01 4.066719994565166019e+01
-2.414116038300488043e+01 1.099052510638351343e+01 4.053519731190830555e+01
-2.332416154045014522e+01 1.155381121969390890e+01 4.037393864152957690e+01
-2.257599206759067201e+01 1.219386004638172771e+01 4.018263921400546224e+01
-2.191285988669210383e+01 1.291789009731972371e+01 3.996511371174996441e+01
-2.127259005075681131e+01 1.365062577231069874e+01 3.970910288116724729e+01
-2.074847042549350462e+01 1.445859542696552680e+01 3.943219561869263146e+01
-2.022579235656385421e+01 1.525635474476310272e+01 3.912125998465512566e+01
-1.977569853900344299e+01 1.609295413951941001e+01 3.879063175932794394e+01
-1.936521277339833347e+01 1.693492460129195365e+01 3.842711695309137099e+01
-1.902405834095975479e+01 1.779672134617423040e+01 3.804282213799553602e+01
-1.866659946710020535e+01 1.863880230423692197e+01 3.762934652313578709e+01
-1.838670625942524950e+01 1.950214341683931352e+01 3.719672054506122549e+01
-1.811004199365986622e+01 2.034854475935973284e+01 3.673103636702352759e+01
-1.786719363485542189e+01 2.119998999496335657e+01 3.625809553408428343e+01
-1.760749354049606197e+01 2.202796004039673150e+01 3.575051174906779039e+01
-1.741086002121638998e+01 2.286271165379289272e+01 3.522773507298869333e+01
-1.721790612872305459e+01 2.368345572769330332e+01 3.468205487989952474e+01
-1.702526120006680088e+01 2.448780803648734761e+01 3.411203458207560857e+01
-1.688421070689167536e+01 2.529465341547422952e+01 3.352950305790712804e+01
-1.671675347478832308e+01 2.607458285003638565e+01 3.291891721972385909e+01
-1.658523832108182816e+01 2.685040238130256895e+01 3.229388968680364513e+01
-1.645971741013011069e+01 2.761105578611306655e+01 3.164910477572277614e+01
-1.634013890769184840e+01 2.835085246243583867e+01 3.097969392549495993e+01
-1.620573394755304264e+01 2.907674690520722649e+01 3.029752878588947596e+01
-1.610505957957799339e+01 2.979402268319727654e+01 2.960152806343242560e+01
-1.599612033400260280e+01 3.048807798842528882e+01 2.888282315207303697e+01
-1.589592750544962207e+01 3.116495070746362472e+01 2.814714335437392734e+01
-1.581626393906976702e+01 3.183200719837177317e+01 2.739987242608029305e+01
-1.571786487724540038e+01 3.246848281777180034e+01 2.662830392143997216e+01
-1.565155076295986269e+01 3.310061549470618303e+01 2.585018943033713867e+01
-1.557156212639012693e+01 3.370432129507764785e+01 2.505067313352965996e+01
-1.550399217700622678e+01 3.429242082090460997e+01 2.423902638696608136e+01
-1.544597936293287255e+01 3.486555621725770493e+01 2.341549384931743205e+01
-1.537712462512540590e+01 3.540789424541083008e+01 2.257244398014615072e+01
-1.533237081823143910e+01 3.594499812172053765e+01 2.172425868361293055e+01
-1.527250198447412188e+01 3.644761942862270132e+01 2.085602803517700821e+01
-1.522856996444830457e+01 3.693872878421534978e+01 1.998065608771939949e+01
-1.518377210319408199e+01 3.740655495152731191e+01 1.909219967358136216e+01
-1.513794579764744697e+01 3.784767199416156558e+01 1.819070611615358857e+01
-1.510574040181612432e+01 3.827922954443623382e+01 1.728354182968299924e+01
-1.506332304359449203e+01 3.867415906469031484e+01 1.636047100683769528e+01
-1.503575247573791884e+01 3.906122896078420581e+01 1.543352656283077096e+01
-1.500165614745672116e+01 3.941534282623851482e+01 1.449349427618940744e+01
-1.497374454455143322e+01 3.975042561760270132e+01 1.354674120486132161e+01
-1.494954500273985687e+01 4.006690437932864057e+01 1.259299694358016986e+01
-1.492277735622860035e+01 4.035036509097299984e+01 1.162940908805020079e+01
-1.490513458197770191e+01 4.062520879245715122e+01 1.066279412660085413e+01
-1.488266026573051271e+01 4.086181979928707619e+01 9.686309641329216902e+00
-1.486765930417502801e+01 4.108715496332755635e+01 8.707165137272653510e+00
-1.485115167064166997e+01 4.128154888154857360e+01 7.721118989661558629e+00
-1.483769348834610291e+01 4.145217484504620842e+01 6.731094235334660780e+00
-1.482697563459592338e+01 4.160668101584629142e+01 5.737904402684567806e+00
-1.481653611000506210e+01 4.172523860265004458e+01 4.740147878492654065e+00
-1.480968737938734492e+01 4.183476560802692035e+01 3.741095875861491837e+00
-1.480320064060574481e+01 4.190581362263912979e+01 2.738593308225953038e+00
-1.479952631091179960e+01 4.196376253279898805e+01 1.735439957195507921e+00
-1.479683274235730295e+01 4.199174716373080685e+01 7.306476977398654871e-01
-1.479708387815985304e+01 4.199428057281981097e+01 -2.740646322683748526e-01
-1.479725437533978827e+01 4.198127340467419089e+01 -1.279180063017878233e+00
-1.480187786670462025e+01 4.193168460099570183e+01 -2.282780379599130605e+00
-1.480488711834338389e+01 4.187298652630647666e+01 -3.286122196797198747e+00
-1.481332693754961127e+01 4.177575882559040821e+01 -4.286406544055989976e+00
-1.482071675318888460e+01 4.166580787618786275e+01 -5.285175529218438584e+00
-1.483146622348824906e+01 4.152540664733130171e+01 -6.280442519953310487e+00
-1.484540901261582135e+01 4.136087238297752577e+01 -7.271469749642783142e+00
-1.485687497981916572e+01 4.117987912128876360e+01 -8.260181320826212925e+00
-1.487722787880874975e+01 4.096369578479152551e+01 -9.241221820870892500e+00
-1.489067730552623203e+01 4.073873592267639765e+01 -1.022072071602422483e+01
-1.491577301779726383e+01 4.047542206948050136e+01 -1.119026402273690834e+01
-1.493457726389338447e+01 4.020184686118908957e+01 -1.215697155435818821e+01
-1.496174992670198911e+01 3.989596300442626386e+01 -1.311404322513724274e+01
-1.498982366742942673e+01 3.957062114409534104e+01 -1.406413428116456643e+01
-1.501639038789610048e+01 3.922553814723981702e+01 -1.500785899814142432e+01
-1.505467863520802752e+01 3.884985270468582996e+01 -1.593885643758302528e+01
-1.508151836216347697e+01 3.846466735659923586e+01 -1.686686357908685707e+01
-1.512788518164565410e+01 3.804288429467155197e+01 -1.777773686837908684e+01
-1.515967565287622421e+01 3.761414825126576744e+01 -1.868604096051028662e+01
-1.521047427459669521e+01 3.715092793793608905e+01 -1.957651493172824431e+01
-1.525320132318553235e+01 3.667580088494792534e+01 -2.046065280789547103e+01
-1.530436862601994719e+01 3.617517365079820735e+01 -2.133070426448533752e+01
-1.536145273939768963e+01 3.565385626874957836e+01 -2.218747308654947048e+01
-1.541267744987989374e+01 3.511686882172413249e+01 -2.303551315192291682e+01
-1.548250375576882831e+01 3.455289964647556644e+01 -2.386402882765657907e+01
-1.553714188441396971e+01 3.397871017456054688e+01 -2.468698883056640625e+01
