-3.276499829565134547e+01 3.905064392089844461e+01 -1.546115303039550959e+01
-3.330011647427133425e+01 3.868678382744696620e+01 -1.630172297978436902e+01
-3.398430484800434215e+01 3.848832525049817121e+01 -1.676168850367104568e+01
-3.497930843408694557e+01 3.862374394985513248e+01 -1.645057957344081601e+01
-3.609600682364644797e+01 3.873134437467503233e+01 -1.619501777784356378e+01
-3.682388382870851018e+01 3.895495661701459511e+01 -1.569266474168536796e+01
-3.722432196815206851e+01 3.928626610563507882e+01 -1.480379855490297025e+01
-3.764892365118327433e+01 3.960670767990082908e+01 -1.393781640520037080e+01
-3.804966520720329015e+01 3.992101110284986731e+01 -1.305032545031808588e+01
-3.839056793519609556e+01 4.019799586442005790e+01 -1.213109998431483305e+01
-3.871228502651921133e+01 4.046036197082881358e+01 -1.120203808392892242e+01
-3.905097526095016036e+01 4.072355691514405152e+01 -1.027898936791600804e+01
-3.933283689558228247e+01 4.093497754859792082e+01 -9.323603450380620217e+00
-3.954366814186739276e+01 4.115218246487108189e+01 -8.349997515200087150e+00
-3.966661210722781306e+01 4.133958546905294895e+01 -7.357424974276189467e+00
-3.978829091848149346e+01 4.151389789783480211e+01 -6.360724247954108179e+00
-3.988884428637670965e+01 4.165869726241626836e+01 -5.358826599491649745e+00
-3.995373675111580525e+01 4.176080983488281362e+01 -4.347669366845352101e+00
-4.002863572433945905e+01 4.186834591168740616e+01 -3.337433807152372367e+00
-4.006857744019204404e+01 4.192748487325253848e+01 -2.322915791093710158e+00
-4.009500318798800578e+01 4.196895398274703126e+01 -1.305276427056129229e+00
-4.011824697929037598e+01 4.200180678118156408e+01 -2.881631072560612017e-01
-4.010342638219638189e+01 4.197794843271110921e+01 7.292312125833334546e-01
-4.009005720528353578e+01 4.196029924439544345e+01 1.747851627709237299e+00
-4.005548778402820886e+01 4.190600427677453865e+01 2.762985101940425903e+00
-3.999716738507689229e+01 4.181739936731315765e+01 3.776075877454713403e+00
-3.993489234554763101e+01 4.172973552405255049e+01 4.788656475911931665e+00
-3.984372178614059834e+01 4.158631246520575075e+01 5.791984024567955913e+00
-3.974299228730701827e+01 4.144474650331206789e+01 6.795951103961334283e+00
-3.962516935117535866e+01 4.127296129390526147e+01 7.791930469341250109e+00
-3.946276337843138293e+01 4.105417257787718910e+01 8.772235719907101270e+00
-3.920451288392514755e+01 4.083836569593477606e+01 9.733285195207363572e+00
-3.892775181055338862e+01 4.061923705510425719e+01 1.068819260531606830e+01
-3.860507447766948985e+01 4.034557289086162513e+01 1.161412572484073102e+01
-3.826742216297115107e+01 4.007652962589249768e+01 1.253734655291713374e+01
-3.790216482081218174e+01 3.978301093982310022e+01 1.343947203586217221e+01
-3.750537598331143130e+01 3.946437219681468633e+01 1.432402542350409647e+01
-3.709287944977624107e+01 3.915440760105126117e+01 1.520247835603830211e+01
-3.664034371695068870e+01 3.879701546030511849e+01 1.604689784290841814e+01
-3.580187067603515771e+01 3.864145012458349981e+01 1.640878733462454875e+01
-3.468298767441470432e+01 3.856608955201440381e+01 1.657944911851047110e+01
-3.371149239476037707e+01 3.846321279233249157e+01 1.681755540807531801e+01
-3.306678437240828572e+01 3.871866637104169939e+01 1.624924525872505043e+01
-3.259356475532576525e+01 3.912725697634905941e+01 1.526571102525824841e+01
-3.211586956757649602e+01 3.943344093577459120e+01 1.441305566109765124e+01
-3.162166765305247651e+01 3.971976897516489657e+01 1.360894294739612675e+01
-3.114007302326264437e+01 4.001453423430955780e+01 1.275430099105895465e+01
-3.074736270780485015e+01 4.027156519632707443e+01 1.185192370716524124e+01
-3.051861706891962100e+01 4.055929380298219655e+01 1.090303550365277019e+01
-3.036962818614594539e+01 4.079768558818042123e+01 9.923590677001691063e+00
-3.020275285287403122e+01 4.103053682011147174e+01 8.945673792754485376e+00
-3.005426670628871832e+01 4.123995793439473800e+01 7.961104541026742254e+00
-2.995018423505440097e+01 4.140117314486023048e+01 6.961262315531924649e+00
-2.983049523579656181e+01 4.157061925197497487e+01 5.963810041596976141e+00
-2.974140731264866844e+01 4.170031239712527338e+01 4.959234236202402890e+00
-2.968036632856247792e+01 4.179624291909765077e+01 3.946969277486398919e+00
-2.960979855375233072e+01 4.189694650483072991e+01 2.936233880200612933e+00
-2.958094511784487679e+01 4.194121405380016654e+01 1.920385400206623627e+00
-2.955786663284893478e+01 4.197821261813924565e+01 9.024756459494497340e-01
-2.954343669545971807e+01 4.199865061669621014e+01 -1.144860259331128977e-01
-2.956618228501071144e+01 4.196460613978919696e+01 -1.131910003298254308e+00
-2.958468919812526110e+01 4.194161838552465582e+01 -2.150051403810627981e+00
-2.963104764886724141e+01 4.186991294699528510e+01 -3.163505839697565047e+00
-2.969503583338488539e+01 4.177731927408453316e+01 -4.176045858688246071e+00
-2.976590899235042542e+01 4.167918364302583711e+01 -5.186516868978999995e+00
-2.986717843356021262e+01 4.152308367624771535e+01 -6.187395616194064196e+00
-2.997563394793588643e+01 4.137711167525250744e+01 -7.189715250146373471e+00
-3.010488780703704847e+01 4.118739276969335350e+01 -8.180670003092830100e+00
-3.025323217105615470e+01 4.097681035761926438e+01 -9.166393605216518026e+00
-3.041609201023834430e+01 4.075980282725096515e+01 -1.014756009550238147e+01
-3.059338215333287536e+01 4.048596727025776687e+01 -1.111316482881125189e+01
-3.087801553260984733e+01 4.021445832110624963e+01 -1.204751094372333142e+01
-3.130364287791203992e+01 3.995671189440640347e+01 -1.293776643730965326e+01
-3.176350770490443409e+01 3.966287110560542573e+01 -1.379617285494403767e+01
-3.226481702738333013e+01 3.934390880593159068e+01 -1.462521050191275052e+01
-3.276499829565133837e+01 3.905064392089843750e+01 -1.546115303039550781e+01
