-1.811028471328767253e+01 3.397871017456054688e+01 -2.468698883056640625e+01
-1.821854570806726059e+01 3.337690541901941543e+01 -2.548844943783443640e+01
-1.834999051628141231e+01 3.276095558781599948e+01 -2.627474248415393276e+01
-1.846989857704242866e+01 3.212874605109419690e+01 -2.705093528645460310e+01
-1.862278733918713414e+01 3.147293288877303041e+01 -2.780010839195783134e+01
-1.875591511659255772e+01 3.080772890178625545e+01 -2.854579594498630613e+01
-1.893262549530174965e+01 3.011884506274864393e+01 -2.925936467187471379e+01
-1.908292108528226905e+01 2.942220526158987326e+01 -2.997204571626151903e+01
-1.928446882341555479e+01 2.870359695089036478e+01 -3.064915582505814129e+01
-1.945725276939489845e+01 2.797744829697123237e+01 -3.132600640339151354e+01
-1.968414137455615531e+01 2.723239957354301310e+01 -3.196602311770067928e+01
-1.988789727112525441e+01 2.647671005116137266e+01 -3.260024532939488751e+01
-2.013810668514192415e+01 2.571068629244267711e+01 -3.320699767985875184e+01
-2.044053982197151953e+01 2.494142715546053068e+01 -3.378254065097188175e+01
-2.071921966253246694e+01 2.415955137331212299e+01 -3.435471691214569745e+01
-2.105861873303504694e+01 2.337438496824996648e+01 -3.488634110119654252e+01
-2.138786459562646414e+01 2.258042542766527916e+01 -3.541266898973896815e+01
-2.175457870126089688e+01 2.177948557794336537e+01 -3.590170129018773082e+01
-2.219594294097368348e+01 2.100412674081046660e+01 -3.637067171673410115e+01
-2.270316176112296347e+01 2.024103947602033671e+01 -3.679030598561722343e+01
-2.318648114515387704e+01 1.946616235400193773e+01 -3.721651532259865292e+01
-2.374249489962238258e+01 1.871420490278899607e+01 -3.758995485718542540e+01
-2.440343743335501614e+01 1.803400159132599967e+01 -3.793037525669894450e+01
-2.508642404387150648e+01 1.735488456965770609e+01 -3.823987790618617311e+01
-2.585148944909979818e+01 1.676439278944557998e+01 -3.850248574334563045e+01
-2.669475991213590049e+01 1.625299589119203603e+01 -3.872756365249799160e+01
-2.757210997937751884e+01 1.580212733339483400e+01 -3.890545532876014789e+01
-2.851739308627677616e+01 1.546594169341153346e+01 -3.903899635179762129e+01
-2.947226539094882725e+01 1.518954938688539791e+01 -3.914822430210657700e+01
-3.047326899078107232e+01 1.505490817857422314e+01 -3.920157902610512224e+01
-3.147065376222754196e+01 1.495258402574738099e+01 -3.924208814510727450e+01
-3.248187912228166141e+01 1.497258329073545013e+01 -3.923417281335254359e+01
-3.348482253250390528e+01 1.504016383389188682e+01 -3.920741561165135636e+01
-3.448421645043792694e+01 1.517167288001853542e+01 -3.915534792811945408e+01
-3.547072662710505142e+01 1.536230915803183095e+01 -3.907986956620572272e+01
-3.644969499819196557e+01 1.558505774583133530e+01 -3.899167591967525226e+01
-3.741495980667993848e+01 1.585418921254034430e+01 -3.888516953544110066e+01
-3.837115065423731863e+01 1.615032035979913161e+01 -3.876791439916352289e+01
-3.931294460988240047e+01 1.648111233763813388e+01 -3.862804545972702641e+01
-4.024217970130597877e+01 1.683669926320452248e+01 -3.846856119394087870e+01
-4.116000010903088935e+01 1.721606022830520288e+01 -3.829959848946654688e+01
-4.206000591009413370e+01 1.763073781778000892e+01 -3.811488468098774973e+01
-4.293745508975451486e+01 1.808050543407689403e+01 -3.790608525600059409e+01
-4.379455074051747232e+01 1.855414241804815489e+01 -3.766927426484280517e+01
-4.462035972776961046e+01 1.907157398171791840e+01 -3.741534675228483309e+01
-4.541902967184098117e+01 1.961761819806948992e+01 -3.713302551953111674e+01
-4.617307542141558940e+01 2.020362812636007632e+01 -3.681004519616175941e+01
-4.686949334085020524e+01 2.084406916923700948e+01 -3.646348626333039533e+01
-4.754401222264444016e+01 2.148564506261850582e+01 -3.607824968062202942e+01
-4.814099154383146129e+01 2.218086005847608533e+01 -3.566068451703775821e+01
-4.871586438627649329e+01 2.287738526982814236e+01 -3.521391669892416587e+01
-4.923429053725558902e+01 2.359758786645416251e+01 -3.473543687235327582e+01
-4.968197542887112661e+01 2.434098980848484217e+01 -3.422379470153459380e+01
-5.010810804096820448e+01 2.507829482697610146e+01 -3.368618065352756474e+01
-5.051346719909930272e+01 2.580934279299070866e+01 -3.312372570759622192e+01
-5.087186067161806591e+01 2.654789947898131430e+01 -3.253896096013561134e+01
-5.118437525006434896e+01 2.728496884059878269e+01 -3.192705974228656629e+01
-5.146962986014086283e+01 2.801279631071127696e+01 -3.129153233339822648e+01
-5.174982048891838815e+01 2.872139190629989258e+01 -3.063208136536581350e+01
-5.198363618558942534e+01 2.943448184015750968e+01 -2.995955440848925377e+01
-5.222573610059391314e+01 3.012058985335386652e+01 -2.926250037824205563e+01
-5.244272670062788677e+01 3.079837966357546009e+01 -2.854920118703811127e+01
-5.264285088025689419e+01 3.145886825535392006e+01 -2.781505849714974232e+01
-5.281485474402377633e+01 3.211512014809210314e+01 -2.706990174089565571e+01
-5.298374396471479031e+01 3.274141616662241461e+01 -2.629820563671698608e+01
-5.312935175396100362e+01 3.335708498409800882e+01 -2.551406423064675977e+01
-5.326298638768817284e+01 3.395740103196719417e+01 -2.471569003060755421e+01
-5.340252298957399546e+01 3.452825725520352051e+01 -2.389698909824753414e+01
-5.351356201815023184e+01 3.509492191476792300e+01 -2.307118163818710244e+01
-5.363351470042675118e+01 3.562984132751157773e+01 -2.222543316662235924e+01
-5.373745589308572335e+01 3.615082092511996592e+01 -2.136938148285367589e+01
-5.383255638628558870e+01 3.665464663448297244e+01 -2.050162727054617662e+01
-5.393108765450162423e+01 3.712736015472398776e+01 -1.961723305944473594e+01
-5.400904255856231373e+01 3.759410730254462862e+01 -1.872738589165691891e+01
-5.409422849312903736e+01 3.802576309085758766e+01 -1.782063048272171812e+01
-5.416624833542680761e+01 3.844346436101143638e+01 -1.690652747863520133e+01
-5.423412952885607297e+01 3.883947068384917145e+01 -1.598205645924087115e+01
-5.430095509562711698e+01 3.920597297291615035e+01 -1.504584182405207038e+01
-5.435525934128340708e+01 3.956298780111997360e+01 -1.410476316659855911e+01
-5.441279034356417554e+01 3.988374742675395623e+01 -1.315106299807315615e+01
-5.445975541343493376e+01 4.019221363901866084e+01 -1.219282050804645579e+01
-5.450815727763969676e+01 4.047088437868455202e+01 -1.122530627286172766e+01
-5.454582956748751599e+01 4.072590953735017649e+01 -1.025122688395631165e+01
-5.458134583689906094e+01 4.095549496293124747e+01 -9.270538248683992677e+00
-5.460786249686158556e+01 4.117685067812229960e+01 -8.287864206483275709e+00
-5.463600534377108886e+01 4.135700884329495608e+01 -7.296456206138643097e+00
-5.465698816172749019e+01 4.152447233868505094e+01 -6.303071807189310150e+00
-5.467661625057597519e+01 4.166285763067899950e+01 -5.304749048775811993e+00
-5.469213392066789936e+01 4.177578538229326455e+01 -4.303561621130663539e+00
-5.470426545830601839e+01 4.187234403401357241e+01 -3.300338747006479778e+00
-5.471345644557114696e+01 4.193201319203671318e+01 -2.294267545046720258e+00
-5.471918259472859347e+01 4.198187149310876976e+01 -1.287788815533783771e+00
-5.472157773703659700e+01 4.199440488783952929e+01 -2.798276862836791556e-01
-5.472084366978379677e+01 4.199287688015651554e+01 7.277526891330384773e-01
-5.471740860675899398e+01 4.196371959435537491e+01 1.735374459984779572e+00
-5.470915232254506577e+01 4.190695089907688242e+01 2.741404739124254863e+00
-5.470046371330770540e+01 4.183487875226085606e+01 3.746707076183062757e+00
-5.468435974940170752e+01 4.172571964502402864e+01 4.748544992792914421e+00
-5.466969145510799422e+01 4.160676010944513337e+01 5.749119796728026976e+00
-5.464694914986445440e+01 4.145074515732481757e+01 6.744774019455784142e+00
-5.462470569862058767e+01 4.128142826945579458e+01 7.737788379219967538e+00
-5.459747410145745050e+01 4.108343494910543114e+01 8.725857332930143428e+00
-5.456625040832116014e+01 4.085553920758806612e+01 9.706791884419862626e+00
-5.452803208303600258e+01 4.061460735244249776e+01 1.068480068587639309e+01
-5.449014439559180545e+01 4.035247936542940295e+01 1.165750043164405092e+01
-5.443717984764304418e+01 4.005476947946473132e+01 1.261877682621163466e+01
-5.439148536769060627e+01 3.974728568203632761e+01 1.357758883368517644e+01
-5.432945532458639093e+01 3.940448165484553300e+01 1.452334527597252389e+01
-5.427205082673463465e+01 3.904923420452901439e+01 1.546457105812775978e+01
-5.420327845285299873e+01 3.866491357289418573e+01 1.639389201841203203e+01
-5.413011248415190835e+01 3.826068230662973235e+01 1.731377618165339882e+01
-5.405658716193736524e+01 3.783752086812091164e+01 1.822574617712806955e+01
-5.396646165755220181e+01 3.738618303001479148e+01 1.912189772790146591e+01
-5.388680920242897798e+01 3.692412796856409329e+01 2.001420384907349614e+01
-5.378013780990076498e+01 3.642876406441751413e+01 2.088511142670341059e+01
-5.369066779033200021e+01 3.592690402232313573e+01 2.175449027107266531e+01
-5.356880725162555024e+01 3.539095217719286524e+01 2.259924099598425329e+01
-5.346453552526661213e+01 3.484862223538943482e+01 2.344195309551198037e+01
-5.332942353033008231e+01 3.427551747561936679e+01 2.426008046639690718e+01
-5.320661106437377441e+01 3.369358942285603575e+01 2.507312356775777218e+01
-5.305844272641607517e+01 3.308569617708086241e+01 2.586354262734267806e+01
-5.291402651884724406e+01 3.246577057381534814e+01 2.664424747064811427e+01
-5.275170664525996500e+01 3.182516489222604861e+01 2.740563179903966429e+01
-5.256734003440386971e+01 3.116572566868337901e+01 2.814585636844920202e+01
-5.234459782239782299e+01 3.050165998329784856e+01 2.886952285205736501e+01
-5.211792299464184453e+01 2.981667991114484195e+01 2.957346550265492269e+01
-5.187827335172597287e+01 2.912062718038566445e+01 3.026067751868017197e+01
-5.161774302805189052e+01 2.840972830424492557e+01 3.092608503968366662e+01
-5.135275449396557690e+01 2.768939860373920325e+01 3.157794360687483604e+01
-5.105274283782213729e+01 2.695634067618521357e+01 3.220190042561392119e+01
-5.073403161417372331e+01 2.621357568521996129e+01 3.280332219435355512e+01
-5.034672182631266679e+01 2.548601548821757490e+01 3.338328992761276481e+01
-4.991296606032699401e+01 2.475233500944659681e+01 3.392096162127720049e+01
-4.949972548251523818e+01 2.400864211373575685e+01 3.446111952792407607e+01
-4.903212081461413874e+01 2.326588872885553272e+01 3.495578665872046287e+01
-4.847853346928702933e+01 2.256503039232408980e+01 3.542278243706719110e+01
-4.790751405271449670e+01 2.185635027035597133e+01 3.586111448906862620e+01
-4.728388412474693325e+01 2.117730580812762753e+01 3.626569030905290703e+01
-4.659064975204517367e+01 2.054359828864447479e+01 3.663446410372738882e+01
-4.586959444872191938e+01 1.992229455958706552e+01 3.696867589147890243e+01
-4.508886093744528978e+01 1.936281631820001081e+01 3.727171195561079742e+01
-4.427822411785109580e+01 1.882577717964030839e+01 3.753947746628657001e+01
-4.343681374996975819e+01 1.832800219572537515e+01 3.778201967888536927e+01
-4.256367902582192642e+01 1.787655425754403637e+01 3.800562210916159955e+01
-4.167441841562918370e+01 1.744379896231014371e+01 3.819787798984872040e+01
-4.075594962141621380e+01 1.706428049564390292e+01 3.836700553957388848e+01
-3.984311162484261359e+01 1.667528942675760106e+01 3.854089872568545161e+01
-3.890311814447331074e+01 1.634357326566167501e+01 3.868988608771058324e+01
-3.795327180821264079e+01 1.603175492082221254e+01 3.881479335510240958e+01
-3.699240014287860134e+01 1.574664888320728728e+01 3.892777907282133043e+01
-3.602176890591952230e+01 1.549999304834793890e+01 3.902534370935030950e+01
-3.503708422718764837e+01 1.529712563094681599e+01 3.910568169471346067e+01
-3.404862098346850274e+01 1.512521978900284658e+01 3.917373989006846102e+01
-3.304551419367378884e+01 1.502250254171787702e+01 3.921441012476142163e+01
-3.204230963673671795e+01 1.497067534277523926e+01 3.923492972169832882e+01
-3.103241911411540954e+01 1.499110354558031766e+01 3.922684195956609443e+01
-3.003603068863411707e+01 1.511532083186653352e+01 3.917765801374194012e+01
-2.904475751880974599e+01 1.529099636654443373e+01 3.910810342861551447e+01
-2.809542614361583190e+01 1.560866978433334218e+01 3.898237270867240056e+01
-2.716983072605247429e+01 1.597647015150136518e+01 3.883662683407021632e+01
-2.632590024711530674e+01 1.648566010039178309e+01 3.862715576366637293e+01
-2.550296935255791908e+01 1.701518429132547539e+01 3.838897224803579178e+01
-2.478525768144728048e+01 1.766064903299200139e+01 3.810308201265343087e+01
-2.410203953928473553e+01 1.832775669057096835e+01 3.778166803057856526e+01
-2.348551445881474820e+01 1.904230531863046849e+01 3.742691194080380512e+01
-2.295972850246095831e+01 1.980602709563948238e+01 3.703350984645938837e+01
-2.246087189717382770e+01 2.057181649674485513e+01 3.661216180683669563e+01
-2.199569173762083452e+01 2.134487162612384736e+01 3.616386293069777480e+01
-2.158531706175225651e+01 2.213290288116353821e+01 3.568656188610849966e+01
-2.123241489644279412e+01 2.293094277790787316e+01 3.518336648698951308e+01
-2.089935574745178926e+01 2.372164118188058168e+01 3.465625695794824424e+01
-2.057581861338803009e+01 2.449945195196571035e+01 3.410372501998695327e+01
-2.031046279384126763e+01 2.528824882108067840e+01 3.353487278975917718e+01
-2.003929647405614034e+01 2.604967727448237369e+01 3.293380966502254381e+01
-1.980518588585056605e+01 2.681749724654797973e+01 3.232471535967879106e+01
-1.957030152585371141e+01 2.755924868584651577e+01 3.168379230007317915e+01
-1.938196685639379879e+01 2.830282283709075131e+01 3.103064889812483784e+01
-1.918136378882649495e+01 2.902061264518894390e+01 3.035239427394696676e+01
-1.900694399410602387e+01 2.972979715253858757e+01 2.965844859853267579e+01
-1.885177334851977093e+01 3.042839294985728671e+01 2.894892828050038958e+01
-1.868677823190334308e+01 3.109969588463261658e+01 2.821589385808211858e+01
-1.855764029472058496e+01 3.176878744416720224e+01 2.747325187422027071e+01
-1.841828183966527277e+01 3.240993195499984125e+01 2.670835149969046896e+01
-1.829315770689518672e+01 3.303596337140437811e+01 2.592879904862016005e+01
-1.818229804153348894e+01 3.364171845645150682e+01 2.513095853320717765e+01
-1.807579902501689162e+01 3.423981670473845895e+01 2.432712679575643833e+01
-1.796405778973273470e+01 3.480436072068975761e+01 2.349941588375050117e+01
-1.787314291181085224e+01 3.535819980852105715e+01 2.266268605197972619e+01
-1.778556415275454228e+01 3.589115260826363851e+01 2.181170244717496232e+01
-1.769640595645131143e+01 3.639676540586636833e+01 2.094459405781674377e+01
-1.762677696366177571e+01 3.689424726059097281e+01 2.007097253125845882e+01
-1.754651474581895343e+01 3.735637931705707615e+01 1.917882931105505762e+01
-1.748461907268867321e+01 3.780944595434903732e+01 1.828104124196268998e+01
-1.742115541647802957e+01 3.823582015247396271e+01 1.736991922363433716e+01
-1.736094079475373420e+01 3.863725965655550709e+01 1.644777438006088133e+01
-1.731244100918934237e+01 3.902722537069552544e+01 1.551965658506304102e+01
-1.725720940718105822e+01 3.937955945657347456e+01 1.457708316023408024e+01
-1.721671684067135644e+01 3.972494144834063690e+01 1.363132796046298978e+01
-1.717216426412639052e+01 4.003623061503845548e+01 1.267367887781061775e+01
-1.713470782599735998e+01 4.032852850532081135e+01 1.171023897339452624e+01
-1.710155118649163342e+01 4.060187604506732839e+01 1.074059647324838629e+01
-1.706790233890741249e+01 4.084063555991411931e+01 9.762241030776099393e+00
-1.704308558292515130e+01 4.107186997630316228e+01 8.781599403944762017e+00
-1.701610462367989030e+01 4.126327484884292573e+01 7.792434837902776579e+00
-1.699622376443863203e+01 4.144314425360237664e+01 6.801227035865013093e+00
-1.697710090196142474e+01 4.159326531374921387e+01 5.804644641269960381e+00
-1.696183022338458457e+01 4.171733249721688708e+01 4.804909473272608977e+00
-1.694960389906557552e+01 4.182708911332273516e+01 3.802995598414618872e+00
-1.694006287981457959e+01 4.189830744377069038e+01 2.797862453817490991e+00
-1.693344143505487409e+01 4.196197159761878481e+01 1.792104425179176896e+00
-1.692992255621779307e+01 4.198635272243323868e+01 7.844840492631588447e-01
-1.692922422384078374e+01 4.199635592132792539e+01 -2.230232564854653932e-01
-1.693078563680728266e+01 4.197902844706118941e+01 -1.230897630328796399e+00
-1.693718376207347376e+01 4.193316906474047556e+01 -2.237354478024954130e+00
-1.694287282565142405e+01 4.187436987293461499e+01 -3.243598769794981962e+00
-1.695642881010219227e+01 4.177631185868708030e+01 -4.246429371600062730e+00
-1.696716349067839502e+01 4.167085781973874958e+01 -5.248617678669544873e+00
-1.698643538802250674e+01 4.152624262606938998e+01 -6.245919184154893777e+00
-1.700499899442718998e+01 4.136810357360334933e+01 -7.240794789417295263e+00
-1.702770277098170126e+01 4.118185058756170491e+01 -8.231191691453092929e+00
-1.705622760535207760e+01 4.096940924840301079e+01 -9.215602731792248647e+00
-1.708141880226034459e+01 4.074238891998785306e+01 -1.019736244394092495e+01
-1.711989466304762075e+01 4.047834028552323105e+01 -1.116902935253033924e+01
-1.714951775119872579e+01 4.020743063993752742e+01 -1.213929042100238931e+01
-1.719550695162493881e+01 3.989704376841484645e+01 -1.309706475305451079e+01
-1.723416754850356725e+01 3.957750835925883592e+01 -1.405181857345415786e+01
-1.728414404878163424e+01 3.922593965869186405e+01 -1.499517363480721777e+01
-1.733556428433645991e+01 3.885597333627196548e+01 -1.593077928058003856e+01
-1.738776421888471546e+01 3.846545963064541951e+01 -1.685856465966704576e+01
-1.745359012029290113e+01 3.804623790864184940e+01 -1.777235172904621763e+01
-1.750930065598596741e+01 3.761621936947792477e+01 -1.868217338331112032e+01
-1.758864295271083833e+01 3.715114976525345014e+01 -1.957270384989886125e+01
-1.765228431968216682e+01 3.667946397603447650e+01 -2.046087005973850026e+01
-1.774177529899337458e+01 3.617323568216701091e+01 -2.132793407246886730e+01
-1.781796986525574766e+01 3.565875724258427937e+01 -2.219077310835161043e+01
-1.791475862474549530e+01 3.511493355757422563e+01 -2.303406381142562864e+01
-1.800701273735225527e+01 3.455811497354188333e+01 -2.386854739508049406e+01
-1.811028471328766898e+01 3.397871017456054688e+01 -2.468698883056640625e+01
