5.142289327946005528e+01 -3.905061340332030539e+01 -1.546123218536376775e+01
5.152631371963735063e+01 -3.939888375404663634e+01 -1.451886938842419639e+01
5.161133850017092328e+01 -3.974456699591000586e+01 -1.357382269501808381e+01
5.169637632133289173e+01 -4.005374285316520400e+01 -1.261596211348894769e+01
5.177079063584563556e+01 -4.034567447455471267e+01 -1.165225837473992243e+01
5.183851450372409175e+01 -4.061724093807755764e+01 -1.068165895509245189e+01
5.190186068130464747e+01 -4.085473655589210296e+01 -9.702210235467878974e+00
5.195503675321031523e+01 -4.108472389664724744e+01 -8.720194869374262581e+00
5.200524992096848109e+01 -4.127517221342716169e+01 -7.729505934330692440e+00
5.204679250947296509e+01 -4.145286229507244258e+01 -6.736399698585681328e+00
5.208365576756371240e+01 -4.160310342370019043e+01 -5.738121827087789839e+00
5.211355115725210396e+01 -4.172438196773747165e+01 -4.736164597236244944e+00
5.213849441918195282e+01 -4.183391597848638099e+01 -3.732303741455413437e+00
5.215624086094386769e+01 -4.190343631562178217e+01 -2.724916141658519919e+00
5.216975921777470404e+01 -4.196449800248380058e+01 -1.716965659217934093e+00
5.217615149890934134e+01 -4.198883601771692042e+01 -7.071272141635940311e-01
5.217691231148090480e+01 -4.199439155100630927e+01 3.025376433784663366e-01
5.217353924763824580e+01 -4.197771445700281845e+01 1.312605501835925503e+00
5.216059728372046322e+01 -4.192779169262595929e+01 2.321019035711289646e+00
5.214774743185778050e+01 -4.186812236867012871e+01 3.329277500212125318e+00
5.212200392421296158e+01 -4.176765852929020184e+01 4.333894210344453768e+00
5.209735942720742230e+01 -4.165881211465059408e+01 5.337562785178942448e+00
5.206091877598883855e+01 -4.151326085941860100e+01 6.336501691999414376e+00
5.202130408152225272e+01 -4.135079171463450365e+01 7.332194951407797312e+00
5.197625263709045385e+01 -4.116380696348967660e+01 8.323916487795495200e+00
5.191999959884796567e+01 -4.094775073039006941e+01 9.308566287040584086e+00
5.186627787184760052e+01 -4.071905462522283869e+01 1.029099677360169807e+01
5.179358638302623064e+01 -4.045237931829056066e+01 1.126227468691471856e+01
5.172851871568259696e+01 -4.017914426477553036e+01 1.223236039838587708e+01
5.164142331288424259e+01 -3.986647206725833570e+01 1.318885946064141024e+01
5.156100939155107454e+01 -3.954590650970642685e+01 1.414293219776340216e+01
5.146192790852344956e+01 -3.919136646609821639e+01 1.508366335701314576e+01
5.136307274755678520e+01 -3.882290380346069725e+01 1.601838719727717475e+01
5.125282439945702606e+01 -3.842858569888428377e+01 1.694191646076090407e+01
5.113340572025546749e+01 -3.801306367237177852e+01 1.785431187781165363e+01
5.101067337629387310e+01 -3.757917673802275971e+01 1.875827124445509142e+01
5.086670822609720233e+01 -3.711504469733258560e+01 1.964400789193419072e+01
5.068747714218864076e+01 -3.664123334868435933e+01 2.051731886640496327e+01
5.051275650537869666e+01 -3.614930408856659483e+01 2.138232342504556627e+01
5.030509871039013348e+01 -3.562987914139479528e+01 2.222273206980622362e+01
5.010823408345930829e+01 -3.510153425309054143e+01 2.306090646101096198e+01
4.987455017401092050e+01 -3.454699846252050577e+01 2.387160387889100122e+01
4.965160953492305396e+01 -3.398378888780676732e+01 2.467987599973978163e+01
4.939151476991792578e+01 -3.339710749731141703e+01 2.545947669339243191e+01
4.913431094071749783e+01 -3.279866317573637247e+01 2.623143725355049583e+01
4.881735677214410174e+01 -3.218826573626196108e+01 2.697173144436601433e+01
4.845132747203591350e+01 -3.157728383356916169e+01 2.768730742153952917e+01
4.807684832045171675e+01 -3.094942570514698232e+01 2.838420330874602371e+01
4.770681187334240292e+01 -3.030900250371395899e+01 2.907200623304216336e+01
4.728304362644036019e+01 -2.966389361674996294e+01 2.972384419415701018e+01
4.677560810612740028e+01 -2.903935313244897287e+01 3.033336451786280819e+01
4.626064409412857970e+01 -2.840852743492915877e+01 3.093085375443663665e+01
4.572985404859856828e+01 -2.776835314984149150e+01 3.150413342101374781e+01
4.513004078684587483e+01 -2.715335318119425878e+01 3.203422242447506108e+01
4.448149329221975279e+01 -2.656081589304468693e+01 3.253402459213951659e+01
4.381168312172507484e+01 -2.596607495405433497e+01 3.300099582687512623e+01
4.308750467800638972e+01 -2.541453645673696116e+01 3.343774119603977368e+01
4.233694286332026735e+01 -2.486960441169783920e+01 3.383873051348765415e+01
4.155530311576446678e+01 -2.435120620821374615e+01 3.421211838328741806e+01
4.074172180826870715e+01 -2.386422930127973174e+01 3.456100874302427428e+01
3.990848126993262923e+01 -2.338786345588951932e+01 3.487451933072843957e+01
3.903843916338293951e+01 -2.296096729848745355e+01 3.515751834116970542e+01
3.817124315351088626e+01 -2.252942710472444787e+01 3.544537461536140910e+01
3.726400553334814703e+01 -2.214992642979510151e+01 3.568263194375001035e+01
3.634224860496259168e+01 -2.179692470361410983e+01 3.589034699371939041e+01
3.538536756607738454e+01 -2.152192997667224361e+01 3.605668853782917438e+01
3.442987928190353841e+01 -2.124287046429168413e+01 3.622621807712243225e+01
3.343702106781334749e+01 -2.109592699684483819e+01 3.631812366251505608e+01
3.243508483773630502e+01 -2.097753114075005954e+01 3.638542752918232992e+01
3.141965461040829410e+01 -2.094213640236151619e+01 3.640488702927472531e+01
3.043241001863917461e+01 -2.110054217048385539e+01 3.631495936688319404e+01
2.945229234088154158e+01 -2.130941386155258854e+01 3.618566909826287770e+01
2.852840824632725614e+01 -2.164260444547928586e+01 3.598393937371550066e+01
2.764951650715252995e+01 -2.207887508489343986e+01 3.571977365647737201e+01
2.687985207538667609e+01 -2.262863499187135119e+01 3.538395742208177808e+01
2.615750172281028796e+01 -2.321455752770226866e+01 3.498935261666493091e+01
2.548750228566149190e+01 -2.384461478103951748e+01 3.457153758000579558e+01
2.493583024571660900e+01 -2.453460195157228441e+01 3.408210948383464967e+01
2.443070448670663453e+01 -2.524102273094396409e+01 3.356774326043090184e+01
2.393457093384409617e+01 -2.593317837596143960e+01 3.302527132585738912e+01
2.350703000304245904e+01 -2.665090984658608875e+01 3.245734153602681715e+01
2.313851672780069535e+01 -2.736878701521604995e+01 3.185007285993976467e+01
2.280799212206591875e+01 -2.808928083623193572e+01 3.122480265208312389e+01
2.247436358342587326e+01 -2.878512004834863447e+01 3.057351983962958997e+01
2.218424369445122579e+01 -2.948587181254852041e+01 2.990660420504877948e+01
2.190367001656147750e+01 -3.016381725241065226e+01 2.921301107564316268e+01
2.166707439049192985e+01 -3.084635873170977050e+01 2.850733185167144512e+01
2.143396614001565936e+01 -3.149848235756754633e+01 2.777178987466931659e+01
2.123488561739264568e+01 -3.214669506753531891e+01 2.702368592505588651e+01
2.104500078874339408e+01 -3.277714353324786600e+01 2.625791121527885608e+01
2.085701579141215589e+01 -3.338285563343465867e+01 2.547210768505973277e+01
2.070058298280612519e+01 -3.398580684706820421e+01 2.467711326324856458e+01
2.053603783795869475e+01 -3.455692176978968178e+01 2.386055254052863717e+01
2.039142682633167070e+01 -3.511628561598967480e+01 2.303240872423754482e+01
2.025782479065593122e+01 -3.565884915066602900e+01 2.219090043711018367e+01
2.012399456794371488e+01 -3.617081822367239852e+01 2.133093535778079186e+01
2.001008344330058009e+01 -3.667302888106785730e+01 2.046201070327891713e+01
1.990363103156507307e+01 -3.715563341643044026e+01 1.958144708372612186e+01
1.980492637548483970e+01 -3.761374584823177969e+01 1.868656054089126783e+01
1.970989915194920883e+01 -3.804554967477100291e+01 1.777858407687947917e+01
1.963011242852468285e+01 -3.846676904640816019e+01 1.686412186945972280e+01
1.954542135831383121e+01 -3.885194410012235267e+01 1.593415629849123505e+01
1.947678793299985145e+01 -3.922793028723140907e+01 1.499954013474664016e+01
1.940853149664019028e+01 -3.957527812883871832e+01 1.405343254489995886e+01
1.934586702021736926e+01 -3.989797623069765820e+01 1.309870580999056600e+01
1.929265839935270677e+01 -4.020760144909040434e+01 1.213874272683862543e+01
1.923770979661832925e+01 -4.047879317307487668e+01 1.116740069638051835e+01
1.919460112373007377e+01 -4.074276484642566487e+01 1.019364009261132509e+01
1.915119706967012903e+01 -4.097154308756631025e+01 9.210691567906881261e+00
1.911496990371920290e+01 -4.118124391794484751e+01 8.223696940156184354e+00
1.908301778785315150e+01 -4.137107564722435882e+01 7.232052417026110014e+00
1.905416795154046739e+01 -4.152559595326535202e+01 6.234544933196215943e+00
1.903153192028777951e+01 -4.167233787295970160e+01 5.235531009974565997e+00
1.901145722516014303e+01 -4.177834385752427693e+01 4.231241859377135484e+00
1.899679932219078182e+01 -4.187302673624685667e+01 3.226061519462416705e+00
1.898531689470265960e+01 -4.193727839799861101e+01 2.217985426435645557e+00
1.897921930211110464e+01 -4.197551570685957500e+01 1.209049055418855323e+00
1.897518614237166901e+01 -4.199881268102324583e+01 1.991854168063426356e-01
1.897826370026562159e+01 -4.198305745466497996e+01 -8.105577832864685472e-01
1.898165719703676046e+01 -4.196026492740754321e+01 -1.820227014854146841e+00
1.899293783965348226e+01 -4.189724556208116013e+01 -2.828295429856440446e+00
1.900569967099551150e+01 -4.182122767163069454e+01 -3.835043272172094397e+00
1.902325559038883895e+01 -4.171631063154742236e+01 -4.839617347702188432e+00
1.904724979429849796e+01 -4.158482594655573905e+01 -5.840390379452882641e+00
1.907020690852639433e+01 -4.143852729889783859e+01 -6.839611581733294976e+00
1.910568947380815530e+01 -4.125403476097439182e+01 -7.831831003996828855e+00
1.913567233862059425e+01 -4.106264084684550397e+01 -8.823013185214790610e+00
1.918046459999860076e+01 -4.083093716676442853e+01 -9.805135922191814402e+00
1.922123156531372956e+01 -4.058946082225450169e+01 -1.078468131268981622e+01
1.927229290559211705e+01 -4.031582224218736599e+01 -1.175575104984666375e+01
1.932701452127790986e+01 -4.002227707501421605e+01 -1.272019053592613425e+01
1.938311764240288326e+01 -3.970845588653997282e+01 -1.367872143764048509e+01
1.945320545545630608e+01 -3.936400155655991995e+01 -1.462532165787043681e+01
1.951605797040212664e+01 -3.900868923499912455e+01 -1.556869168565180672e+01
1.960042091398036490e+01 -3.861710327785408481e+01 -1.649589741487566386e+01
1.967379324592291923e+01 -3.821804734291755778e+01 -1.742062774430028682e+01
1.976984538828711280e+01 -3.778381250212702014e+01 -1.832771217393690932e+01
1.985749325401733856e+01 -3.733987331050479952e+01 -1.923031050304641454e+01
1.996338847328696886e+01 -3.686620960369042166e+01 -2.011643387044503584e+01
2.007250057305741109e+01 -3.637094527035665692e+01 -2.099017908913202746e+01
2.020291529097760375e+01 -3.586432228504251185e+01 -2.185354801596914598e+01
2.033561001658556933e+01 -3.533321544487111510e+01 -2.270266700928836912e+01
2.048617553761414101e+01 -3.478051854260686326e+01 -2.353386449315773632e+01
2.063275250391303217e+01 -3.421365397097302719e+01 -2.435711387437168796e+01
2.080684191438998454e+01 -3.362296395048252862e+01 -2.515701409085952633e+01
2.097040697210147187e+01 -3.302129780015450677e+01 -2.595173614982782695e+01
2.116885363864996705e+01 -3.239586280096355608e+01 -2.671908637948099496e+01
2.135349888721550826e+01 -3.176084377181763685e+01 -2.748247356343874159e+01
2.157727887759816099e+01 -3.110352082235657889e+01 -2.821580091259013301e+01
2.179391662797053897e+01 -3.043343875910057506e+01 -2.893969681626482071e+01
2.205910644967354273e+01 -2.975328054090027763e+01 -2.963862888278912067e+01
2.237389953358018246e+01 -2.906677159663961874e+01 -3.030826956255879523e+01
2.267670997060124449e+01 -2.836588362451686152e+01 -3.096982748458577461e+01
2.301258748932128739e+01 -2.765625521202004578e+01 -3.160387507929807427e+01
2.336771256129935637e+01 -2.693763262055064445e+01 -3.221884839976539183e+01
2.374882376609718193e+01 -2.621031588561830716e+01 -3.280571988976534215e+01
2.422578340212579917e+01 -2.551396427821542545e+01 -3.336101005369287975e+01
2.475010708249677549e+01 -2.482022467138748212e+01 -3.387484926369831584e+01
2.526884240399697035e+01 -2.411707150290472157e+01 -3.438133445223770934e+01
2.586342459022754880e+01 -2.344723612998983597e+01 -3.483707881717474919e+01
2.658160216847692325e+01 -2.285702138873371680e+01 -3.523652081340144093e+01
2.731314238267383132e+01 -2.226270032501069096e+01 -3.560825630459117974e+01
2.819536495444314284e+01 -2.183402022994209446e+01 -3.586777405294107268e+01
2.906208295195595426e+01 -2.139527847230008106e+01 -3.613357164118624354e+01
3.002591769201633198e+01 -2.116893900261171524e+01 -3.627522335341431159e+01
3.101932195968124617e+01 -2.098210273135561366e+01 -3.638290488646881471e+01
3.203294097437235877e+01 -2.093773905266209567e+01 -3.640730831097764053e+01
3.303380115891015123e+01 -2.101662793764586112e+01 -3.636371212342893955e+01
3.402685140104070172e+01 -2.117356882027378262e+01 -3.626840881027637664e+01
3.500779202907212806e+01 -2.137311264471298600e+01 -3.614711649228236467e+01
3.595920312577031552e+01 -2.166740360273291799e+01 -3.596897422413674406e+01
3.689350265612109325e+01 -2.199383107806922055e+01 -3.577097584736097247e+01
3.780066649417101132e+01 -2.237558505929633768e+01 -3.554399212941707731e+01
3.869436112193366029e+01 -2.276858500816234709e+01 -3.528642372202988753e+01
3.955842936559299261e+01 -2.320404036058859276e+01 -3.499726460125469174e+01
4.040435742142739173e+01 -2.366365000369217242e+01 -3.469184017667013364e+01
4.122091735880812990e+01 -2.415399584196035221e+01 -3.435583524063397931e+01
4.201449845424705387e+01 -2.465849422419184478e+01 -3.398770818428824469e+01
4.277274363630800025e+01 -2.519938734574136063e+01 -3.359823954137201696e+01
4.351080441079395200e+01 -2.574407611288139108e+01 -3.317598183568667736e+01
4.420312417755803125e+01 -2.632046796653943943e+01 -3.271915793863447419e+01
4.485306557946530148e+01 -2.692190146595472910e+01 -3.223358964689928285e+01
4.547775001566823505e+01 -2.752160365225816108e+01 -3.171432682040871853e+01
4.603343713906573242e+01 -2.815877701366347452e+01 -3.116251543953790559e+01
4.657335532254397492e+01 -2.878024152589144791e+01 -3.057764452717585968e+01
4.706999559984822668e+01 -2.941956667129512937e+01 -2.997365172012176515e+01
4.752583582568296805e+01 -3.004945324967550846e+01 -2.932921984204590160e+01
4.791727346698258572e+01 -3.069927195390950558e+01 -2.866276569532265839e+01
4.830630840384413460e+01 -3.132191195906350245e+01 -2.796931311778621421e+01
4.865953231329196171e+01 -3.194719816001273216e+01 -2.725932088731841318e+01
4.899709455138896175e+01 -3.255310424194082941e+01 -2.652534644909508188e+01
4.927933382096602344e+01 -3.316432487958688569e+01 -2.577278489124816119e+01
4.954734690156334409e+01 -3.374698856548378956e+01 -2.499235450078780119e+01
4.978842143255640451e+01 -3.432191223567181737e+01 -2.419804808592134293e+01
5.001216294514171068e+01 -3.488360951433412538e+01 -2.338903998131725359e+01
5.023331790692074605e+01 -3.541623581180172664e+01 -2.256002904339484871e+01
5.042612340542674332e+01 -3.594598331738357899e+01 -2.172205037934947924e+01
5.061663069970612128e+01 -3.644667086742710893e+01 -2.086577437114853595e+01
5.079300168810244287e+01 -3.692878418981542410e+01 -1.999621833368087920e+01
5.094920570684644190e+01 -3.739121383807307808e+01 -1.911192611549619258e+01
5.107875448980374955e+01 -3.784390630697487268e+01 -1.821867299226857995e+01
5.120604373045354407e+01 -3.826287304761170560e+01 -1.730830671818296906e+01
5.131833667327710202e+01 -3.866721655494104937e+01 -1.638986517995761005e+01
5.142289327946006949e+01 -3.905061340332031250e+01 -1.546123218536376953e+01
