-2.069528810688001741e+01 3.397871017456054688e+01 -2.468698883056640270e+01
-2.087617567042881817e+01 3.337926273584144354e+01 -2.547946633783164216e+01
-2.104501419966462450e+01 3.277095117368686061e+01 -2.626739686575292154e+01
-2.124929465067787859e+01 3.213796367701321799e+01 -2.702764470623577964e+01
-2.143906816805919391e+01 3.149691917971051680e+01 -2.778401812277967764e+01
-2.166801265806778432e+01 3.083327135758511872e+01 -2.851072853866931922e+01
-2.189863563321605255e+01 3.015456296511545276e+01 -2.922201147029934631e+01
-2.217939173114578466e+01 2.947818036096249372e+01 -2.991750120589135875e+01
-2.250192500590489431e+01 2.878267554337423562e+01 -3.057489220415115128e+01
-2.280341514335884767e+01 2.807934802434517252e+01 -3.123387269077877448e+01
-2.316186733854409141e+01 2.736523751381619007e+01 -3.185149482918624386e+01
-2.350594771421068785e+01 2.664222828160415801e+01 -3.246706235371620153e+01
-2.393414807805623212e+01 2.592468071950628072e+01 -3.303449121737187255e+01
-2.443577233648176161e+01 2.523366011146552879e+01 -3.357442063507951246e+01
-2.496478616864420630e+01 2.453583985617360952e+01 -3.407778295764239118e+01
-2.548556208915580967e+01 2.383165708744907008e+01 -3.457980556710563746e+01
-2.614780471759503300e+01 2.320364489638960137e+01 -3.500310034297669404e+01
-2.687877706678487044e+01 2.261636466641383336e+01 -3.539216860053703329e+01
-2.766532921858383887e+01 2.208547823764074280e+01 -3.571554461827273741e+01
-2.854323849288099169e+01 2.164282152088472344e+01 -3.598315109539125700e+01
-2.944178425879966454e+01 2.128102859202833841e+01 -3.620464914264473322e+01
-3.043168439445851803e+01 2.109607213821261951e+01 -3.631891786192310434e+01
-3.143130129428390873e+01 2.096826671607452752e+01 -3.639052356327363213e+01
-3.244191736719152175e+01 2.094044240652260314e+01 -3.640582027276629162e+01
-3.343699229642154336e+01 2.108100014238231168e+01 -3.632573201358111703e+01
-3.443012957377838035e+01 2.123818836438740121e+01 -3.622878233672870607e+01
-3.539451609811944621e+01 2.149171617653211541e+01 -3.607524516532875225e+01
-3.634374522342331204e+01 2.178869049089375665e+01 -3.589544045137966322e+01
-3.726306875167219346e+01 2.214711213532357803e+01 -3.568038883294995145e+01
-3.817006443028714813e+01 2.252554406463993075e+01 -3.544793977246829542e+01
-3.904859262497236472e+01 2.294073518618960250e+01 -3.517203390007684050e+01
-3.990338915601853387e+01 2.338873422550552306e+01 -3.487454120516341760e+01
-4.073510968103340701e+01 2.386614949018158427e+01 -3.455876772481700243e+01
-4.154864581419396075e+01 2.435242715334814179e+01 -3.421014541369380169e+01
-4.232999454889868218e+01 2.487028783555565070e+01 -3.383370790891408575e+01
-4.307374691736502115e+01 2.542251834124623144e+01 -3.343152204264725924e+01
-4.379600818563298503e+01 2.597509281588002850e+01 -3.299274334517154728e+01
-4.446649772717757543e+01 2.656809218454301558e+01 -3.252578890148858193e+01
-4.511623691303503136e+01 2.715880007272780716e+01 -3.202706933671176870e+01
-4.571479192406950887e+01 2.777476611221904790e+01 -3.149545651342238628e+01
-4.625648278841632788e+01 2.841013550482452032e+01 -3.092749143837131953e+01
-4.677394047577284653e+01 2.904356391592848396e+01 -3.033554857065004740e+01
-4.726476747989040916e+01 2.967181600726220836e+01 -2.971583662676075122e+01
-4.769089732972882700e+01 3.031243537566404100e+01 -2.906150756861526574e+01
-4.808010767426657850e+01 3.095100163395412096e+01 -2.838297054437495248e+01
-4.844671626454262281e+01 3.158177274993429506e+01 -2.768476781449115620e+01
-4.880400268693149002e+01 3.219062272855531859e+01 -2.696273823302302830e+01
-4.912188599105201803e+01 3.280240892823704257e+01 -2.622442352661793308e+01
-4.939234003046748001e+01 3.340057443583852859e+01 -2.545707833452289393e+01
-4.964031346836570435e+01 3.398823290840183375e+01 -2.467408293816438913e+01
-4.988654871024732529e+01 3.454688450358437990e+01 -2.386948847790952755e+01
-5.010121636841143555e+01 3.510399257893695335e+01 -2.305504586124387956e+01
-5.031186734682545847e+01 3.563499123226582554e+01 -2.222209124372497513e+01
-5.050933902949724796e+01 3.614646939306137341e+01 -2.137414910505421872e+01
-5.068559954485782981e+01 3.664976928636181697e+01 -2.051622258590813530e+01
-5.085908110691418926e+01 3.711630195344239525e+01 -1.963759772049844088e+01
-5.100413257997277583e+01 3.757954475159431240e+01 -1.875186561386193418e+01
-5.113333138680685153e+01 3.801390234706170190e+01 -1.784940859081540054e+01
-5.124927868746032544e+01 3.843425631452556246e+01 -1.693835932007471357e+01
-5.136557346119961664e+01 3.881962635746525336e+01 -1.601195647225090113e+01
-5.146394380890038178e+01 3.919757361421520869e+01 -1.508073400473012704e+01
-5.156072196210878644e+01 3.954421410270813197e+01 -1.413686061053541998e+01
-5.164783614008177182e+01 3.986986867519382827e+01 -1.318508790969358202e+01
-5.172534742120229367e+01 4.018033220234243430e+01 -1.222701568353858548e+01
-5.180084315023356112e+01 4.045358477756760607e+01 -1.125768926967507966e+01
-5.186381291315055364e+01 4.072000987516152293e+01 -1.028563180069173733e+01
-5.192451010951094759e+01 4.095031041109017167e+01 -9.303970754176775770e+00
-5.197633699179321098e+01 4.116247401839927988e+01 -8.318190682372971878e+00
-5.202244308940588979e+01 4.135425610133007268e+01 -7.327460336393077256e+00
-5.206275804089673187e+01 4.151132048365564486e+01 -6.330763494358623511e+00
-5.209630505315357141e+01 4.166039740671708103e+01 -5.332366367490831927e+00
-5.212435445638797660e+01 4.176920320025597277e+01 -4.328577914895122447e+00
-5.214617913539310479e+01 4.186582234240980682e+01 -3.323688398284372791e+00
-5.216272083238943225e+01 4.193275007736004056e+01 -2.315844297300382770e+00
-5.217196856845331610e+01 4.197277135289408534e+01 -1.306993837966186067e+00
-5.217824053130950546e+01 4.199872954897166721e+01 -2.971797788271786644e-01
-5.217477922151302039e+01 4.198571050185783804e+01 7.126018770431581384e-01
-5.217029673215274954e+01 4.196491741511458429e+01 1.722340710663636587e+00
-5.215543424511747617e+01 4.190475338772044012e+01 2.730537193626987769e+00
-5.213774524354042939e+01 4.183043214579711133e+01 3.737351138737072365e+00
-5.211357875115558613e+01 4.172808490737402565e+01 4.742068452048201266e+00
-5.208077510376704566e+01 4.159850592103624223e+01 5.742829332294093092e+00
-5.204812507212462691e+01 4.145457734642135250e+01 6.742156233873683568e+00
-5.200027871922165446e+01 4.127261191239609417e+01 7.734287348017018004e+00
-5.195728467879129653e+01 4.108366043118718380e+01 8.725503330475515185e+00
-5.189631803073116600e+01 4.085428445973511202e+01 9.707263425005253410e+00
-5.183900682886843470e+01 4.061577551275782838e+01 1.068673282781900902e+01
-5.176760195630321704e+01 4.034373301738271067e+01 1.165695680537753809e+01
-5.169285663053723567e+01 4.005415656282954728e+01 1.262121806857571116e+01
-5.161221467348699576e+01 3.974153156464448955e+01 1.357841493051917325e+01
-5.151840340769632576e+01 3.940196553583992056e+01 1.452460751329576993e+01
-5.142749011846674989e+01 3.904858423694145131e+01 1.546649566215837801e+01
-5.131450711902868989e+01 3.866180888764743884e+01 1.639251833094854049e+01
-5.121001532304616433e+01 3.826616864297717768e+01 1.731585041593859131e+01
-5.107927181762723734e+01 3.783587981169301173e+01 1.822037424198382283e+01
-5.095571227197338970e+01 3.739116073025509479e+01 1.911846307682173318e+01
-5.080106396717535944e+01 3.692998180145181664e+01 2.000410526246191267e+01
-5.061469419081505805e+01 3.644202606483483464e+01 2.086850830269587931e+01
-5.043504372180439077e+01 3.594323587498678307e+01 2.172801989252069532e+01
-5.022280166258667577e+01 3.541583147070576842e+01 2.256287815597974955e+01
-5.001930481785142035e+01 3.488031878963920462e+01 2.339425876146379224e+01
-4.977988512167792123e+01 3.431823532454318126e+01 2.419870162280528447e+01
-4.955136489527819066e+01 3.374880243716650341e+01 2.500036283921750879e+01
-4.928348258942938998e+01 3.315503732222345690e+01 2.577266968009293890e+01
-4.901116707091948399e+01 3.254715249875743410e+01 2.653148058909960127e+01
-4.867459314231588507e+01 3.194354089972411970e+01 2.726823392514533140e+01
-4.829491683028677329e+01 3.132217177683379461e+01 2.796786376230270577e+01
-4.793043295847003549e+01 3.069280641692568068e+01 2.866866559710352291e+01
-4.754280966424415311e+01 3.004434533426044140e+01 2.933932912698661966e+01
-4.708804991610785606e+01 2.941183567472814886e+01 2.998209452471966330e+01
-4.656374195161791363e+01 2.878360009055325719e+01 3.057410511389694108e+01
-4.605083405617173753e+01 2.814990646726387524e+01 3.117025562440235120e+01
-4.549608744508729075e+01 2.751193037626364202e+01 3.172290249240061755e+01
-4.486854309297805798e+01 2.691427556998546322e+01 3.224118582503258068e+01
-4.421409120573051865e+01 2.631668337753134068e+01 3.272742219206116232e+01
-4.352424733218973074e+01 2.573681091168244706e+01 3.318216574885912706e+01
-4.278485619419393515e+01 2.519330369234078049e+01 3.360481090869521381e+01
-4.202468108830685622e+01 2.465306303753164485e+01 3.399297276642658971e+01
-4.122690983378302576e+01 2.415304158292526182e+01 3.435747721858290049e+01
-4.040757818524571832e+01 2.366595970927854609e+01 3.469302657345788532e+01
-3.955808417418536038e+01 2.321041649341791668e+01 3.499142570709403799e+01
-3.868358661703485524e+01 2.278962635676290205e+01 3.527203566557192715e+01
-3.780230429974717765e+01 2.237804292370926973e+01 3.554338981617856064e+01
-3.689373201659497425e+01 2.199774633444445371e+01 3.577245182844781368e+01
-3.595624692664564037e+01 2.168006960335067745e+01 3.596033097378629861e+01
-3.499726812125564379e+01 2.140653871555262455e+01 3.612685507865173662e+01
-3.403088973305458609e+01 2.117134816283912357e+01 3.627096349337266901e+01
-3.303094210289354038e+01 2.103473700852440942e+01 3.635371035452853050e+01
-3.202186264756139167e+01 2.095809823006598904e+01 3.639611178444493333e+01
-3.101387803024272927e+01 2.097513445235450646e+01 3.638673997681188865e+01
-3.003554664397625373e+01 2.118687590153520262e+01 3.626193056569969286e+01
-2.905837497207132358e+01 2.140558443383548948e+01 3.612745431720684053e+01
-2.817487049073122662e+01 2.182632724516749079e+01 3.587262688722788084e+01
-2.731105912088828092e+01 2.227390457961229941e+01 3.560158757291953435e+01
-2.658703937868489575e+01 2.286767824357514911e+01 3.522554557742385839e+01
-2.587361433450609027e+01 2.346135682110088894e+01 3.482486366201854366e+01
-2.526622556227453131e+01 2.413024889109345850e+01 3.437834119804424660e+01
-2.471762646906450200e+01 2.481331794286591474e+01 3.387553981953615789e+01
-2.422923320372709810e+01 2.552508845912736390e+01 3.335144267357328829e+01
-2.375287380680752491e+01 2.622158863205384094e+01 3.279727042301811224e+01
-2.336573572992064030e+01 2.694987487246791957e+01 3.221509595415436422e+01
-2.299311761524902664e+01 2.765701603385859997e+01 3.159748838634071433e+01
-2.266887573130132694e+01 2.837208657402750234e+01 3.096258852215783364e+01
-2.236025196492247247e+01 2.907461365383138485e+01 3.030632414403899944e+01
-2.206059292596746602e+01 2.975837743463222296e+01 2.962652780556786070e+01
-2.179883845045720037e+01 3.044153503138105066e+01 2.892981953612727253e+01
-2.156966346316305660e+01 3.111202125221034365e+01 2.821041195111335753e+01
-2.135904495818114768e+01 3.176838252831673870e+01 2.747238845292736897e+01
-2.114835654733067827e+01 3.239934400058896102e+01 2.671242920358277217e+01
-2.097298474719553951e+01 3.302890055383702617e+01 2.594258565408014050e+01
-2.079120325978313133e+01 3.362920838720790329e+01 2.515098856807970407e+01
-2.062837666599465436e+01 3.421643193717980580e+01 2.434591794098760076e+01
-2.048165964344153167e+01 3.479082959424013666e+01 2.352811088099823422e+01
-2.033144112728825093e+01 3.533487603399360211e+01 2.269072831296162462e+01
-2.020602892073635104e+01 3.587314984172772370e+01 2.184527905948293380e+01
-2.007709055836937750e+01 3.637451664855979061e+01 2.097823478483676496e+01
-1.996704952075336692e+01 3.687591854502931454e+01 2.010838359949432785e+01
-1.985871537894824357e+01 3.733999639182734853e+01 1.921780038831881043e+01
-1.976878523515362929e+01 3.779505216970949277e+01 1.832072955069198272e+01
-1.967412383483524962e+01 3.821626825230718794e+01 1.740742015495177242e+01
-1.959480654611911632e+01 3.862525758040104762e+01 1.648765221056936880e+01
-1.951929560581277556e+01 3.901103990389150056e+01 1.555714338888273574e+01
-1.944564381031155875e+01 3.936714696583410955e+01 1.461504798544165418e+01
-1.938529191009250496e+01 3.971392340094809725e+01 1.366839755878052820e+01
-1.932145894386895435e+01 4.002248772405094712e+01 1.270871521698844120e+01
-1.927027655992540289e+01 4.032126959468621408e+01 1.174555607261689794e+01
-1.922013159127800819e+01 4.059070175230365862e+01 1.077327515606887687e+01
-1.917518938214663393e+01 4.083449185787983282e+01 9.794469214315267180e+00
-1.913734471219964561e+01 4.106491214223265729e+01 8.811737652648059083e+00
-1.910021181266928636e+01 4.125611637436564649e+01 7.820752801212088379e+00
-1.907145839328469705e+01 4.144014357835273898e+01 6.828220909804478822e+00
-1.904409974830672070e+01 4.158717487092795295e+01 5.829208343009820048e+00
-1.902287371603476274e+01 4.171644398797451458e+01 4.828067248478411955e+00
-1.900484083363154042e+01 4.182344765167491829e+01 3.823734086635595553e+00
-1.899180766818704313e+01 4.189675375648228339e+01 2.816716128330277069e+00
-1.898182940054189416e+01 4.196107122508313125e+01 1.808774117217972099e+00
-1.897742699901195351e+01 4.198394686667329267e+01 7.990275798083197323e-01
-1.897560752179332511e+01 4.199763191824008857e+01 -2.106626755713220667e-01
-1.897880751411263844e+01 4.197703216505556156e+01 -1.220621038749172493e+00
-1.898659515085838834e+01 4.193493840763662206e+01 -2.229366542175569954e+00
-1.899603960147708648e+01 4.187337790432882656e+01 -3.237618971655845446e+00
-1.901432021395971361e+01 4.177629871905329395e+01 -4.242552348664888839e+00
-1.903017761612197489e+01 4.167098034942172546e+01 -5.246941250123486888e+00
-1.905786335321710467e+01 4.152424984485548265e+01 -6.245861813856890876e+00
-1.908284100628830871e+01 4.136896634382085125e+01 -7.243302009184215962e+00
-1.911727022324230418e+01 4.117882986293305692e+01 -8.234814267045106106e+00
-1.915439444575677896e+01 4.096997072834942344e+01 -9.221896810103498154e+00
-1.919382757366512493e+01 4.073907096855170096e+01 -1.020453546953659441e+01
-1.924460502733999689e+01 4.047710689365909786e+01 -1.117835279047579178e+01
-1.928974837206199311e+01 4.020430145784371945e+01 -1.214981907805188399e+01
-1.935342095654958783e+01 3.989285294750463606e+01 -1.310845129662353337e+01
-1.940772927480071885e+01 3.957472886643808607e+01 -1.406532549685210931e+01
-1.948124804534294441e+01 3.921918095238126512e+01 -1.500798296534930287e+01
-1.954864888208850005e+01 3.885340197460067202e+01 -1.594662170339111462e+01
-1.962931751116398971e+01 3.845761495533236740e+01 -1.687257522636479834e+01
-1.971318334817495455e+01 3.804361602076538418e+01 -1.778960222912870393e+01
-1.980044312229365033e+01 3.760906233986058567e+01 -1.869735100766052582e+01
-1.990280157441002018e+01 3.714798808876183500e+01 -1.958996191291512190e+01
-2.000513014262818956e+01 3.666664467444523012e+01 -2.047203424732521526e+01
-2.011950967537300627e+01 3.617077530845671163e+01 -2.134493244414267110e+01
-2.026234448080442974e+01 3.564772328767081433e+01 -2.219661278512215219e+01
-2.038985564576809040e+01 3.511377329979897155e+01 -2.304457913031503935e+01
-2.055770668763304343e+01 3.454705970523398406e+01 -2.386344314625076635e+01
-2.069528810688002096e+01 3.397871017456054688e+01 -2.468698883056640625e+01
