4.771671051544901587e+01 -3.905061340332031961e+01 -1.546123218536377131e+01
4.789140728328806773e+01 -3.939433269249196456e+01 -1.453077125740837161e+01
4.804648657750698959e+01 -3.973670892304165392e+01 -1.359642977523584761e+01
4.819329399585958384e+01 -4.004392876655678890e+01 -1.264837716956350455e+01
4.832582738734576822e+01 -4.033312160612090480e+01 -1.169302286688845705e+01
4.844672853188399131e+01 -4.060513203792599057e+01 -1.073061409829676904e+01
4.855648962859453377e+01 -4.084228261060624732e+01 -9.758014931961778160e+00
4.865424468903169952e+01 -4.107201435306542692e+01 -8.782245989159259025e+00
4.874136969138655928e+01 -4.126544454197910738e+01 -7.797469066422655359e+00
4.881689399317827593e+01 -4.144078262813742697e+01 -6.808774223690772232e+00
4.888311593215503592e+01 -4.159576975895053863e+01 -5.815490555022225116e+00
4.893642431178631114e+01 -4.171744553821405077e+01 -4.817235846370951258e+00
4.898259922533347321e+01 -4.182881554826714421e+01 -3.817109030510199119e+00
4.901501119269958906e+01 -4.190261183426544989e+01 -2.813026576718445249e+00
4.903963776848994627e+01 -4.196195589830084316e+01 -1.807969876331478654e+00
4.905321474303014639e+01 -4.199251722701473710e+01 -8.010222779242911484e-01
4.905456806675230297e+01 -4.199631335456979286e+01 2.059519587428676746e-01
4.905071914298328295e+01 -4.198496420694526421e+01 1.213406076951097257e+00
4.902987166119461904e+01 -4.193717191041999826e+01 2.219171874431661973e+00
4.900660442353655810e+01 -4.187888569080752177e+01 3.224573189508693538e+00
4.896512611920228863e+01 -4.178332369997472284e+01 4.226491069770255571e+00
4.891948327349329162e+01 -4.167411949932072446e+01 5.226594661818745102e+00
4.885924581603681105e+01 -4.153424170431114959e+01 6.222485792769450796e+00
4.878822521618386787e+01 -4.137202112970760481e+01 7.213652793312697931e+00
4.871076702924464996e+01 -4.119031206533400535e+01 8.201605551282822759e+00
4.861382963532717838e+01 -4.097699961280770964e+01 9.180811216676278974e+00
4.851791714230014207e+01 -4.075269976466780264e+01 1.015825322127274077e+01
4.839538173548537969e+01 -4.049122046078925052e+01 1.112293863469566624e+01
4.827860787871917125e+01 -4.022322825545930414e+01 1.208683281050845437e+01
4.813085972377816546e+01 -3.991649701890580104e+01 1.303470999099495309e+01
4.799046968535260049e+01 -3.960436140867366106e+01 1.398180496305720588e+01
4.781807419018650052e+01 -3.925538498224122463e+01 1.491091040489750519e+01
4.765195487339224911e+01 -3.889978861711283287e+01 1.583815392243627684e+01
4.745463641761375584e+01 -3.851083590198485496e+01 1.674636494973427858e+01
4.725238887361467022e+01 -3.810398379101068400e+01 1.764502547755917305e+01
4.700283191218823475e+01 -3.769184768385849083e+01 1.852970183093410839e+01
4.671693065477916917e+01 -3.724847271616619082e+01 1.938769450388988957e+01
4.643836613269223790e+01 -3.679881635088336367e+01 2.024465937002986493e+01
4.611705617816669189e+01 -3.632170997071114016e+01 2.107139412242899112e+01
4.580651961107135151e+01 -3.583907013583775836e+01 2.189905432346038694e+01
4.545308011767160394e+01 -3.533086316256564885e+01 2.269383123590988305e+01
4.503811275254597035e+01 -3.483122255797373157e+01 2.346316297944217766e+01
4.459832001232690857e+01 -3.431479369470299901e+01 2.420790260511255454e+01
4.415752473197539985e+01 -3.378823207718806998e+01 2.494444576490232279e+01
4.367222028554989777e+01 -3.325129615065053201e+01 2.564527321478648503e+01
4.312831428904880937e+01 -3.273232108625492742e+01 2.631497962771874555e+01
4.255293887294916999e+01 -3.220310878427731183e+01 2.695050458729993537e+01
4.197760595380499637e+01 -3.167034604171344370e+01 2.758217192436330123e+01
4.134411371878348262e+01 -3.114786195877361763e+01 2.816540347005983591e+01
4.067531241978354473e+01 -3.064221320447943953e+01 2.872402880567274508e+01
3.998488098123704759e+01 -3.012957698965372089e+01 2.924840200169720106e+01
3.925290050178465151e+01 -2.964865569988283767e+01 2.974545608226254600e+01
3.849763837561452817e+01 -2.917082495565294664e+01 3.021122079583883036e+01
3.770750909367498593e+01 -2.871813753930922530e+01 3.063852279921600541e+01
3.687944124252315703e+01 -2.830215742925350497e+01 3.103405527987472823e+01
3.601781498100672252e+01 -2.791222839114120902e+01 3.137723534393765590e+01
3.512585761566111131e+01 -2.755148934755455770e+01 3.168863576155775519e+01
3.419922766041160855e+01 -2.726851282113667807e+01 3.193280087910061482e+01
3.321956328903639388e+01 -2.708311234024614222e+01 3.209285013767658512e+01
3.223870851853646258e+01 -2.694832184971651401e+01 3.220919503063537803e+01
3.122373156298326791e+01 -2.699450507215122030e+01 3.216933488051613210e+01
3.025555681271110231e+01 -2.715279200743582777e+01 3.203262475049587721e+01
2.930723618302146249e+01 -2.743804338008414589e+01 3.178667532811172336e+01
2.849774379005059544e+01 -2.788251750819090091e+01 3.140408086149878386e+01
2.773540675070084305e+01 -2.836891862194824299e+01 3.096314029626865860e+01
2.704470306639007759e+01 -2.889922499427513713e+01 3.046429312552196222e+01
2.649898139650837692e+01 -2.951395693417422805e+01 2.988057745895489248e+01
2.596273566560954293e+01 -3.011085681517274537e+01 2.927183343285060602e+01
2.546006858308667020e+01 -3.071485458281248881e+01 2.864195055262867129e+01
2.506474132891786866e+01 -3.133405480180254443e+01 2.795295289944446182e+01
2.471859656405517924e+01 -3.196188197893308569e+01 2.724534171905358093e+01
2.437604883174774528e+01 -3.256525461132628863e+01 2.651527790361516779e+01
2.405599433496418271e+01 -3.315869525145360086e+01 2.576732183217460559e+01
2.376417485741058044e+01 -3.374815178318060305e+01 2.500430336376443563e+01
2.349735073441114253e+01 -3.430855140492014499e+01 2.421139213492773123e+01
2.328329082971173136e+01 -3.487114627200232064e+01 2.340385076532210817e+01
2.307438308017569284e+01 -3.540744584725653255e+01 2.257748938596412103e+01
2.288770638480814412e+01 -3.593550294899271336e+01 2.174039270368712096e+01
2.269934028013306104e+01 -3.643018633179280386e+01 2.088347672756168905e+01
2.253559923412505128e+01 -3.691917711161963211e+01 2.001850215790587839e+01
2.237689968714686728e+01 -3.738271940764126100e+01 1.913837167518432736e+01
2.222717680713759947e+01 -3.782229076420594538e+01 1.824485279394759374e+01
2.209520447597794046e+01 -3.825323781293862879e+01 1.734392567562205301e+01
2.196418646534914387e+01 -3.864953353485230991e+01 1.642726439332728461e+01
2.184875303335763519e+01 -3.903463275199101190e+01 1.550380308180445432e+01
2.174655187921428379e+01 -3.938372842832240650e+01 1.456454656701890471e+01
2.166102738826489826e+01 -3.973127981192778435e+01 1.362317522845481754e+01
2.157609741938455272e+01 -4.003772367762524453e+01 1.266739010047991698e+01
2.150471747017206425e+01 -4.033543059031028832e+01 1.170796982711888390e+01
2.143500479271455461e+01 -4.059874419854988759e+01 1.073806920011696597e+01
2.137515747087011420e+01 -4.084528351597825946e+01 9.763611939992916433e+00
2.132118910425034031e+01 -4.107072637505223156e+01 8.783271495056382605e+00
2.127203372096647271e+01 -4.126225718685874710e+01 7.795771728474242046e+00
2.123120430282032700e+01 -4.144505373172289353e+01 6.806161553287465971e+00
2.119431063644551472e+01 -4.158828451433841167e+01 5.809742204456438408e+00
2.116493164474123390e+01 -4.172067005716737498e+01 4.811969669319131171e+00
2.114019056989606327e+01 -4.182300065650682086e+01 3.810067169973539336e+00
2.112238311904850363e+01 -4.189946386821111446e+01 2.806205255675923826e+00
2.110851297773189827e+01 -4.196111765849711617e+01 1.800854312119063216e+00
2.110289195255958106e+01 -4.198359912473247135e+01 7.939710498231766778e-01
2.109970129459428634e+01 -4.199901590831942855e+01 -2.130130183577489955e-01
2.110529782110532437e+01 -4.197485954435098421e+01 -1.220069530470954566e+00
2.111423491943418185e+01 -4.193766434795245601e+01 -2.226240549106663025e+00
2.112918314218169158e+01 -4.187198141558290132e+01 -3.231408415827914826e+00
2.115199443930197987e+01 -4.177954264735399192e+01 -4.233805072093902666e+00
2.117560199479919447e+01 -4.167224045174835112e+01 -5.235133993651878370e+00
2.121261467484424657e+01 -4.152682304902924670e+01 -6.231021693474518841e+00
2.124648741443443711e+01 -4.137398267169891142e+01 -7.225913833652586327e+00
2.129581983318228211e+01 -4.118119394614294038e+01 -8.213412130174578607e+00
2.134273072420957007e+01 -4.097906416359241888e+01 -9.198725094767352672e+00
2.140184645850820644e+01 -4.074372732636613392e+01 -1.017651096499377772e+01
2.146468536228333690e+01 -4.049024378860681139e+01 -1.114892251659662570e+01
2.153244592834428062e+01 -4.021423478224362924e+01 -1.211542103438486251e+01
2.161287492352425943e+01 -3.990985580350415773e+01 -1.307197600131781279e+01
2.169074332076472800e+01 -3.959113309187558372e+01 -1.402431902981209610e+01
2.178541022856816767e+01 -3.923540827697259914e+01 -1.496188443253482347e+01
2.189825890355240645e+01 -3.887134977103365685e+01 -1.589425202782569357e+01
2.201275594487160348e+01 -3.848773697812401196e+01 -1.681869725542374994e+01
2.215454804939685118e+01 -3.807017584313421565e+01 -1.772419822876092965e+01
2.228805594418924230e+01 -3.764402754965695408e+01 -1.862692980207195603e+01
2.244998562988183011e+01 -3.718581914506654584e+01 -1.950920963496672300e+01
2.260502396635838807e+01 -3.671845004608795193e+01 -2.038747793024169042e+01
2.278758870215868981e+01 -3.622214707355462338e+01 -2.124486200336363595e+01
2.296523580492786110e+01 -3.571562748037146662e+01 -2.209659199947080666e+01
2.317109006517174663e+01 -3.518321026174557886e+01 -2.292669269402892596e+01
2.335928490992099071e+01 -3.463850321749708172e+01 -2.375289400545223018e+01
2.359210766565754724e+01 -3.407225392383188733e+01 -2.455317333968773852e+01
2.387489175272248687e+01 -3.350650738084311797e+01 -2.533730187879401186e+01
2.418951850495800215e+01 -3.291429870247823430e+01 -2.608921084103749166e+01
2.453460990130884412e+01 -3.231153207834150720e+01 -2.681853562463170348e+01
2.485850578763397678e+01 -3.170065309598498615e+01 -2.755141390431220927e+01
2.520590350238413890e+01 -3.106575941580697631e+01 -2.825460668369862915e+01
2.567247810140893804e+01 -3.046174287486753229e+01 -2.890883283968744166e+01
2.620183000470559875e+01 -2.986632102026202773e+01 -2.952232550586072080e+01
2.671834397907433356e+01 -2.925212328746110657e+01 -3.013659758817307477e+01
2.729951899177276431e+01 -2.865252320540010444e+01 -3.069648697535549431e+01
2.804899077548697761e+01 -2.816385741516403129e+01 -3.115717328606676517e+01
2.880766802797646875e+01 -2.765479980957999828e+01 -3.160172440541575156e+01
2.969057869517723347e+01 -2.731419538176863782e+01 -3.189220778603960582e+01
3.065000031859250385e+01 -2.705821670147962621e+01 -3.211440706694035896e+01
3.162635214531265859e+01 -2.694091025603210809e+01 -3.221551444678924270e+01
3.264642093626218156e+01 -2.696747420881322910e+01 -3.219265666573591744e+01
3.362304988497669456e+01 -2.713368397056701298e+01 -3.204918440406362379e+01
3.459084092893752427e+01 -2.735514175118960623e+01 -3.185802761282762674e+01
3.549719007416610594e+01 -2.769042999876368327e+01 -3.156863665025468180e+01
3.638898211960394491e+01 -2.804303814646393889e+01 -3.126424223078782205e+01
3.721926163430418910e+01 -2.846241127493583889e+01 -3.087805909405380689e+01
3.803463287459321407e+01 -2.889180200814253396e+01 -3.047160463362240890e+01
3.880466635494401118e+01 -2.936507909764566548e+01 -3.002785516024004053e+01
3.955258326484349141e+01 -2.983730407782349303e+01 -2.954622283890531165e+01
4.026777168755827319e+01 -3.033374799032054270e+01 -2.903963445379585551e+01
4.094290741776220699e+01 -3.084816651203745863e+01 -2.849757495139461483e+01
4.159737454131368395e+01 -3.135812531894323030e+01 -2.792686099126087740e+01
4.220842664659338794e+01 -3.189199228382545925e+01 -2.733055390470862989e+01
4.279318487206565891e+01 -3.241220597463539832e+01 -2.669659031858451215e+01
4.334519516721346832e+01 -3.294748016068965768e+01 -2.604602323890216553e+01
4.386205230511089326e+01 -3.346939504466990201e+01 -2.535705581697793676e+01
4.432825565808884249e+01 -3.400872318893537027e+01 -2.464571964454646746e+01
4.478029405683575703e+01 -3.452244306727310175e+01 -2.390666625114667099e+01
4.520230972678805159e+01 -3.503995409999280497e+01 -2.315271063773374749e+01
4.559002960579185526e+01 -3.553750057956545305e+01 -2.236759554422760843e+01
4.592603509994365396e+01 -3.604210787341444444e+01 -2.156344418260669826e+01
4.625009118310882172e+01 -3.651571273538284146e+01 -2.073559624774371102e+01
4.654888677612640890e+01 -3.698313706570706216e+01 -1.989519087261869146e+01
4.683009715805728490e+01 -3.743505448566001803e+01 -1.903996544366997057e+01
4.709725191331177996e+01 -3.785853867186763466e+01 -1.816622443805248110e+01
4.733399088087951156e+01 -3.827582424593508392e+01 -1.728060147944956171e+01
4.753193846086743690e+01 -3.867387442444456269e+01 -1.637700958691855391e+01
4.771671051544900877e+01 -3.905061340332031250e+01 -1.546123218536376953e+01
