-2.363788911288300554e+01 3.397871017456054688e+01 -2.468698883056640270e+01
-2.391157181580242153e+01 3.340912472449204529e+01 -2.547344673922030012e+01
-2.424829263726227779e+01 3.281297835167162447e+01 -2.621186193374560247e+01
-2.459020266376129271e+01 3.221029773442936062e+01 -2.694258418165886937e+01
-2.491336637036492263e+01 3.159431425943532190e+01 -2.767219231456620321e+01
-2.527347960922958237e+01 3.096078121244228498e+01 -2.836936118955352626e+01
-2.576359268917275003e+01 3.036126109446526655e+01 -2.901047537723491843e+01
-2.628931972312888021e+01 2.976528304224541799e+01 -2.962662686887878749e+01
-2.680709901704079456e+01 2.914596745237792064e+01 -3.023701311464083119e+01
-2.741701523812661989e+01 2.856511406884852278e+01 -3.077903305247729904e+01
-2.817813484791278711e+01 2.807994181918850529e+01 -3.123326122238631086e+01
-2.894280017484113898e+01 2.757893094166396253e+01 -3.166600732346796576e+01
-2.985346523423924836e+01 2.727484218597825461e+01 -3.192640060967805127e+01
-3.080793869271893470e+01 2.701205482546237491e+01 -3.215421757698583605e+01
-3.179833576143320428e+01 2.694803214926217905e+01 -3.220938676699657321e+01
-3.281455522922200885e+01 2.697195728852955909e+01 -3.218879109277106920e+01
-3.378616037921177195e+01 2.717580218801818503e+01 -3.201283671410070042e+01
-3.474670561918508582e+01 2.740452090383623585e+01 -3.181540874383481210e+01
-3.565044906490244614e+01 2.774627880352032605e+01 -3.152045604315974003e+01
-3.652954227152352473e+01 2.811502391443923798e+01 -3.120202584726861161e+01
-3.735883130906564276e+01 2.853196754500172005e+01 -3.081097737357267263e+01
-3.816869089673149062e+01 2.896781754079833604e+01 -3.040041778853424148e+01
-3.893127446272573167e+01 2.944596870699608360e+01 -2.994889749553611225e+01
-3.967529338257092064e+01 2.991927812142279919e+01 -2.946244525523190561e+01
-4.038375628070404844e+01 3.042067560734964005e+01 -2.895145124803075376e+01
-4.105646355439544948e+01 3.093171122560378805e+01 -2.840310796366216550e+01
-4.170423709368392906e+01 3.144657851420722494e+01 -2.782907299694745973e+01
-4.230806356102007015e+01 3.198025921532301297e+01 -2.722532939032063481e+01
-4.288749365657258039e+01 3.250306262610899211e+01 -2.658870526702267156e+01
-4.343820617083389379e+01 3.303305191279830666e+01 -2.593283442602375644e+01
-4.394426970573309177e+01 3.355903365006260231e+01 -2.523877651249345888e+01
-4.440575482073354152e+01 3.409612338044705382e+01 -2.452270800836889464e+01
-4.485221646105206617e+01 3.461151266615889455e+01 -2.378142195669109071e+01
-4.527288092547105691e+01 3.512227946441641535e+01 -2.302224035682386827e+01
-4.564997957051403432e+01 3.562244098218908306e+01 -2.223352584158294576e+01
-4.598211435105018552e+01 3.612251317660365402e+01 -2.142499617352428842e+01
-4.630068315109802057e+01 3.659769601842406672e+01 -2.059592207709426859e+01
-4.659909376434524120e+01 3.705737422087789668e+01 -1.975111638278265502e+01
-4.687524380297345772e+01 3.751035596794952909e+01 -1.889481581217053119e+01
-4.713976038441530392e+01 3.792851812632274999e+01 -1.801763833715960672e+01
-4.736824684552460951e+01 3.834665947220580762e+01 -1.713031291716462334e+01
-4.756573770543757007e+01 3.873492611450570422e+01 -1.622228813279162551e+01
-4.774613685536126440e+01 3.911242978677822180e+01 -1.530606653782231419e+01
-4.791818614006444221e+01 3.945478789309441225e+01 -1.437446865277205710e+01
-4.807222658677796545e+01 3.978905658668828238e+01 -1.343716120045259643e+01
-4.821610456353432994e+01 4.009671076893822317e+01 -1.248874259730866143e+01
-4.834749565708677466e+01 4.037751249845254620e+01 -1.153068314118920412e+01
-4.846579336260813875e+01 4.064899459271585158e+01 -1.056788849107748440e+01
-4.857389423766494474e+01 4.088230359767652544e+01 -9.594011715460366574e+00
-4.866957542936967940e+01 4.110485933145174187e+01 -8.616550126445469360e+00
-4.875511664680624335e+01 4.129871616427892889e+01 -7.631637745240524850e+00
-4.882844959689638387e+01 4.146569208394942052e+01 -6.641324939454197107e+00
-4.889323584788333221e+01 4.162024921339425987e+01 -5.647929624276811111e+00
-4.894484448072444138e+01 4.173716482117716708e+01 -4.648870850399677401e+00
-4.898872834828956968e+01 4.184312094736608145e+01 -3.648213454757224028e+00
-4.902031390196629701e+01 4.191539410702812063e+01 -2.643865360977503354e+00
-4.904142530170798864e+01 4.196579813032877837e+01 -1.638360548849409071e+00
-4.905512889362071860e+01 4.199709087159601495e+01 -6.314042715404439843e-01
-4.905378208989551325e+01 4.199433799343886164e+01 3.756559761374493323e-01
-4.904877395281942398e+01 4.198039442826824086e+01 1.382975207428262188e+00
-4.902648636749334088e+01 4.192869375516606567e+01 2.388673303930628489e+00
-4.900017252558157566e+01 4.186447425098476316e+01 3.393455052243212755e+00
-4.895882060603246799e+01 4.176754383657847569e+01 4.395382459742084080e+00
-4.890801930621791627e+01 4.164964999998649375e+01 5.394091410615268423e+00
-4.884959828781792623e+01 4.151058804997651208e+01 6.390264365714848793e+00
-4.877354306305673504e+01 4.134034311760454017e+01 7.379735517411821100e+00
-4.869726906687770907e+01 4.115839558963391198e+01 8.367692247121098603e+00
-4.859657733963402393e+01 4.093892561156231835e+01 9.345321842228679898e+00
-4.849995686222113989e+01 4.071224994202753322e+01 1.032199411668216626e+01
-4.837528442611527879e+01 4.044651557517132545e+01 1.128545855540717469e+01
-4.825544206146510362e+01 4.017406564539937364e+01 1.224749429700220560e+01
-4.810755686603426540e+01 3.986500343885414566e+01 1.319477534332352064e+01
-4.796227867319225169e+01 3.954721502658856025e+01 1.413902502978420195e+01
-4.779108179424357417e+01 3.919701049808872284e+01 1.506800323163833255e+01
-4.761918993437060266e+01 3.883547132858960538e+01 1.599172416822946019e+01
-4.742338344192988586e+01 3.844571817657552515e+01 1.689998342456687652e+01
-4.721292783559105999e+01 3.803399042629825999e+01 1.779466114874166749e+01
-4.695541289601641921e+01 3.761943408564667379e+01 1.867559065509837879e+01
-4.667110385032005837e+01 3.717375366288170824e+01 1.953311436359657804e+01
-4.638649269464347924e+01 3.672005281666811527e+01 2.038564716769671037e+01
-4.606326187065024413e+01 3.624078815075375815e+01 2.121062201259498181e+01
-4.575097778110071545e+01 3.575408431546031807e+01 2.203503423866774469e+01
-4.538825624837033246e+01 3.524738943808132774e+01 2.282678160531341049e+01
-4.496208319806758880e+01 3.474381328169015148e+01 2.358727279122850362e+01
-4.452587742456602626e+01 3.422767817232098508e+01 2.433429291898246305e+01
-4.407933773619558337e+01 3.369719969038853691e+01 2.506454035665231572e+01
-4.358529013711373068e+01 3.316334660910163734e+01 2.576164155692371693e+01
-4.303102496161169199e+01 3.264335432497202305e+01 2.642186978273340969e+01
-4.245850423072265301e+01 3.211410246397630885e+01 2.705999961716820224e+01
-4.187460128247632696e+01 3.157960165788938411e+01 2.768203824696867699e+01
-4.123340648007604869e+01 3.106252876648345662e+01 2.826172234223051660e+01
-4.056101846809068689e+01 3.055555983589530555e+01 2.881485117551222075e+01
-3.986465205589126271e+01 3.004608929571742237e+01 2.933412491344528661e+01
-3.912674627549855444e+01 2.956899710459610020e+01 2.982647080344041868e+01
-3.836852146304908473e+01 2.909022499807993256e+01 3.028617633379561980e+01
-3.756974639277499506e+01 2.864697162137151309e+01 3.070705436220468698e+01
-3.673939632382008824e+01 2.823104470527501419e+01 3.109894814638689198e+01
-3.586610190088380534e+01 2.785353313008116771e+01 3.142792455660257289e+01
-3.497486412644209253e+01 2.749349673174071995e+01 3.173866653019045359e+01
-3.403592638133169856e+01 2.723527861172662767e+01 3.196148058322186714e+01
-3.305582875946457477e+01 2.704685280528805080e+01 3.212414576312913539e+01
-3.206929436853792481e+01 2.695283363748573535e+01 3.220529488967801512e+01
-3.105308736298274752e+01 2.699377605394131407e+01 3.216996283339337026e+01
-3.009881398487776494e+01 2.720776477122820225e+01 3.198517177047528648e+01
-2.915466626202593758e+01 2.749013713611171283e+01 3.174160312385838267e+01
-2.836959163723699362e+01 2.796668356131387512e+01 3.133218444450667661e+01
-2.760685026390664376e+01 2.844964491356558867e+01 3.088671438700370686e+01
-2.695096914648735975e+01 2.900262554282866034e+01 3.036718671936796099e+01
-2.640539249377968289e+01 2.961264449612419014e+01 2.977950878971148185e+01
-2.587844218673256691e+01 3.021501741423169207e+01 2.916805733179970872e+01
-2.538496804495730785e+01 3.081642212056929253e+01 2.852901571609320541e+01
-2.500675399420522638e+01 3.144112770436663951e+01 2.783479815225120646e+01
-2.465746876340215366e+01 3.206224681860095416e+01 2.712322743645824730e+01
-2.432416072798674733e+01 3.266899141524107364e+01 2.639169036991729556e+01
-2.400335988648557617e+01 3.325661309483975714e+01 2.563944046343250349e+01
-2.371586574293316119e+01 3.384504778233380762e+01 2.487395278746570426e+01
-2.345828362648186527e+01 3.440249823050483968e+01 2.407584503768489625e+01
-2.325074814611654261e+01 3.496585939652364772e+01 2.326715102692869053e+01
-2.303950011120043229e+01 3.549501930658048110e+01 2.243661423156967416e+01
-2.285605408769718139e+01 3.602077870752462729e+01 2.159745826698437199e+01
-2.267185146082601221e+01 3.651487459889583675e+01 2.073923669165312234e+01
-2.250605754441614437e+01 3.699584837844663099e+01 1.987026177024124252e+01
-2.235314276082073803e+01 3.746089163741008576e+01 1.898987509013924324e+01
-2.220323126694778537e+01 3.789474934711885368e+01 1.809348944162766770e+01
-2.207313861758844098e+01 3.832213316148553872e+01 1.719070623278448195e+01
-2.194471511865147662e+01 3.871685326979140029e+01 1.627288047339683530e+01
-2.182921305071569407e+01 3.909343460263161774e+01 1.534606266727709922e+01
-2.173054315561753569e+01 3.944249299244102502e+01 1.440638465155637782e+01
-2.164694731682251216e+01 3.978558770046351611e+01 1.346327918526810485e+01
-2.156314831128005949e+01 4.008862072465069559e+01 1.250619901290972891e+01
-2.149226814276267916e+01 4.038037465094279099e+01 1.154501426626548977e+01
-2.142533242830809570e+01 4.064465200091115094e+01 1.057518751101460097e+01
-2.136496718527657279e+01 4.088221720744608945e+01 9.598456456817910265e+00
-2.131305111507624162e+01 4.110697197162671301e+01 8.617950224539457693e+00
-2.126436191176095747e+01 4.129284838319386353e+01 7.629182243231301896e+00
-2.122467842457720266e+01 4.147075521485081140e+01 6.638785694586868402e+00
-2.118892545023801688e+01 4.161371978882019818e+01 5.642213387628935983e+00
-2.116042605236588159e+01 4.173733475876186816e+01 4.643331287505722216e+00
-2.113661814746322420e+01 4.184063966732215079e+01 3.641540107161617801e+00
-2.111989389764647029e+01 4.190872073117870400e+01 2.636922249634188198e+00
-2.110697124879093067e+01 4.196835773472530917e+01 1.631573422269392060e+00
-2.110201134907888587e+01 4.198701578411532864e+01 6.244516461029772092e-01
-2.110049394388331478e+01 4.199600764643637518e+01 -3.824622186445186811e-01
-2.110573123646654992e+01 4.197217984673572033e+01 -1.389586927783513781e+00
-2.111722685779484721e+01 4.192592825453220939e+01 -2.395340930766422183e+00
-2.113140148151900988e+01 4.186109641432921080e+01 -3.400532344504426874e+00
-2.115676873883234421e+01 4.176040998829742534e+01 -4.402220023480902356e+00
-2.118056064940645555e+01 4.165126757306649097e+01 -5.403205834110182515e+00
-2.121859719906111152e+01 4.150130732382841359e+01 -6.398551831220814279e+00
-2.125444268108898171e+01 4.134322345556306288e+01 -7.392388461902362096e+00
-2.130253646579303606e+01 4.114976170726468752e+01 -8.379893226346464274e+00
-2.135332068525082505e+01 4.093971777203339713e+01 -9.363290183557257507e+00
-2.140986294901999898e+01 4.070531864779452036e+01 -1.034143084134274027e+01
-2.147751457616256587e+01 4.044321292579341787e+01 -1.131134223965178265e+01
-2.154347694311314498e+01 4.016688980436612866e+01 -1.227776798402631719e+01
-2.162760953338160874e+01 3.985576281170411050e+01 -1.323204087400835327e+01
-2.170495352645270160e+01 3.953361084740593867e+01 -1.418306434122446902e+01
-2.180215091475917433e+01 3.917613932328227122e+01 -1.511993993941206327e+01
-2.191735665697331470e+01 3.880785072155546089e+01 -1.605037240110515384e+01
-2.203529323632499626e+01 3.841955659916730781e+01 -1.697218891637646720e+01
-2.217598910147501812e+01 3.800004970841379048e+01 -1.787714315080286198e+01
-2.231548272037767333e+01 3.756793716073047307e+01 -1.877585320862747054e+01
-2.247409510966864943e+01 3.710916703409619544e+01 -1.965856884372702496e+01
-2.263674724091213264e+01 3.663546311992483595e+01 -2.053184822539834542e+01
-2.281469336923766278e+01 3.613917961480013474e+01 -2.139025749329245230e+01
-2.300058481024138146e+01 3.562652663867772418e+01 -2.223646329162935231e+01
-2.320188790883367957e+01 3.509423847866502655e+01 -2.306769184062484257e+01
-2.339463321175268362e+01 3.454330516975115017e+01 -2.388882564080066828e+01
-2.363788911288300909e+01 3.397871017456054688e+01 -2.468698883056640270e+01
