4.226951919887424935e+01 -3.905061340332031961e+01 -1.546123218536377308e+01
4.257917373493932445e+01 -3.938737079784419848e+01 -1.455382167907984403e+01
4.286811284174073222e+01 -3.972163527640095992e+01 -1.363881866924543829e+01
4.313531495226695966e+01 -4.002766725558787186e+01 -1.270709865187002841e+01
4.338002046452759686e+01 -4.031210824924004754e+01 -1.176297967429019131e+01
4.360367800643202685e+01 -4.057898953553737442e+01 -1.080826679518491673e+01
4.379184741471446074e+01 -4.083051648638694076e+01 -9.842158101684850280e+00
4.395618416345060808e+01 -4.105167778254681821e+01 -8.863695241021757099e+00
4.410042146353256953e+01 -4.124817491950686588e+01 -7.877380407224656267e+00
4.423054410586700413e+01 -4.143199552013151532e+01 -6.886343105603843995e+00
4.433720281199439484e+01 -4.157700123369679091e+01 -5.886070810969910028e+00
4.443131226270626399e+01 -4.171217347737807302e+01 -4.883606150506953014e+00
4.450608157840476053e+01 -4.181701815589495652e+01 -3.875280922915978365e+00
4.456072648768854805e+01 -4.189445423446502303e+01 -2.863865660331004204e+00
4.460543174871157390e+01 -4.195902473368686003e+01 -1.850525451439308133e+00
4.462263043339195434e+01 -4.198278533759268782e+01 -8.347511996436907111e-01
4.463318463689121529e+01 -4.199831169556060217e+01 1.810670074220876169e-01
4.461860987347527896e+01 -4.197697888640561814e+01 1.197214840997760543e+00
4.459002445780702573e+01 -4.193668573572013969e+01 2.211742650223232687e+00
4.454669197954937943e+01 -4.187356685502123810e+01 3.225363431937497527e+00
4.447805858706094284e+01 -4.177804742722583597e+01 4.234362777053020110e+00
4.440477500889868878e+01 -4.167143818814240319e+01 5.242437249666517474e+00
4.429797430889261989e+01 -4.152479471918888976e+01 6.242255661520578869e+00
4.419103363779080240e+01 -4.137151796456299735e+01 7.240989865117712476e+00
4.404897636445028297e+01 -4.117858944454046366e+01 8.228766392135998586e+00
4.390551372268526364e+01 -4.097756580389757630e+01 9.214148105212100148e+00
4.372931944280884409e+01 -4.074122540778678569e+01 1.018707798660709152e+01
4.353328833678219212e+01 -4.048378922488092968e+01 1.115049954727642856e+01
4.330308769796117474e+01 -4.021843461244278473e+01 1.210377982730907398e+01
4.303995518725535163e+01 -3.991765661497677087e+01 1.303832404880803963e+01
4.277317291484034456e+01 -3.960834026530771723e+01 1.396837129525368582e+01
4.246552772909190310e+01 -3.926845224224443598e+01 1.487549366570708109e+01
4.216232114412576948e+01 -3.892145257940933334e+01 1.578082806801315208e+01
4.181350409098568122e+01 -3.854706572723564051e+01 1.665929438586863398e+01
4.141378329120887969e+01 -3.816653160143686563e+01 1.751204743572099787e+01
4.100314575349163704e+01 -3.777416101932580972e+01 1.835487873807333159e+01
4.057464409255923954e+01 -3.736199724385422627e+01 1.917858715097276345e+01
4.010711014344767023e+01 -3.693891478409953777e+01 1.997605231164937578e+01
3.957640786959893120e+01 -3.651645918228511078e+01 2.073224952335779392e+01
3.903955940227792354e+01 -3.608926146672168045e+01 2.148182160445225719e+01
3.847899456811732222e+01 -3.564423834649991818e+01 2.220363703814431133e+01
3.785671597816347145e+01 -3.521398573863319115e+01 2.288088225650234975e+01
3.719914910032588296e+01 -3.478781141400783383e+01 2.353113258278051489e+01
3.651207917827260019e+01 -3.435679362133544146e+01 2.414380697461255920e+01
3.573554504075267602e+01 -3.398335392419910050e+01 2.468050606297207139e+01
3.494087730540025660e+01 -3.359779720903318179e+01 2.519360446184503388e+01
3.406238062920380827e+01 -3.329847751961112579e+01 2.558103921652602963e+01
3.310823795754322418e+01 -3.308016072701082066e+01 2.587055609225650699e+01
3.214209014070620896e+01 -3.293984599082009623e+01 2.605557800138479863e+01
3.110786547872194419e+01 -3.300548103918755771e+01 2.596917145858940046e+01
3.019061718857609122e+01 -3.322550004500849496e+01 2.567921905203622401e+01
2.929956203800618653e+01 -3.355070228732453330e+01 2.525112178658390860e+01
2.862622432756121427e+01 -3.399983866898191565e+01 2.465831484234788107e+01
2.801901615395659917e+01 -3.446444518871602014e+01 2.398855679813981467e+01
2.743866669103824307e+01 -3.494234832010606340e+01 2.330482178464197318e+01
2.697274462506492299e+01 -3.542373827901666772e+01 2.254568690748959270e+01
2.661913710038724901e+01 -3.593602681825299783e+01 2.173954466903626326e+01
2.626070697301409140e+01 -3.641154361147036411e+01 2.091598010907487648e+01
2.593031527119229196e+01 -3.688607279803546390e+01 2.008049892075947440e+01
2.560584247195914998e+01 -3.733097807560880455e+01 1.922582862720815555e+01
2.535612167755297008e+01 -3.778161303082296030e+01 1.835073174096407556e+01
2.514293421900086400e+01 -3.819733236999170600e+01 1.744803942293281906e+01
2.495119341370902077e+01 -3.860363943875115922e+01 1.653677307200768354e+01
2.477157842750391126e+01 -3.898821422441989881e+01 1.561327618235881154e+01
2.460271009176384283e+01 -3.934278414492374054e+01 1.467614626467158523e+01
2.445175870729384116e+01 -3.969078269208780796e+01 1.373340785771521588e+01
2.430861712191916979e+01 -4.000295722037017754e+01 1.277683560987242650e+01
2.418014036508998998e+01 -4.029892886958469234e+01 1.181347792662729113e+01
2.406281788373641106e+01 -4.057584645595321859e+01 1.084255207492760675e+01
2.395625880707012456e+01 -4.081880564155905944e+01 9.861692346070396908e+00
2.386158743398068438e+01 -4.105270743789015597e+01 8.877241542088711412e+00
2.377703289231029160e+01 -4.125069986543989131e+01 7.883918551151609222e+00
2.370383401028833248e+01 -4.142919319288678537e+01 6.886375269487849060e+00
2.364300165245056817e+01 -4.157741738267698395e+01 5.882856856260961997e+00
2.359653066370233176e+01 -4.171892198729252499e+01 4.877742256796174125e+00
2.356211418773932209e+01 -4.181723095216439390e+01 3.866669513274431758e+00
2.353509679816845335e+01 -4.190366269510906250e+01 2.854658383450111803e+00
2.351650299125526900e+01 -4.195808416884869274e+01 1.839785673057559912e+00
2.350662712367721952e+01 -4.198939874427940566e+01 8.242881052866261049e-01
2.350244506113250154e+01 -4.200179604545377998e+01 -1.920129870372709047e-01
2.351033688939376987e+01 -4.197796564812097841e+01 -1.207978026165251961e+00
2.352124180711772894e+01 -4.194343773476091997e+01 -2.223500768063286781e+00
2.354532917884175092e+01 -4.187092699487261171e+01 -3.237105362343814186e+00
2.357308062068417698e+01 -4.178513118614325350e+01 -4.249090771206192940e+00
2.361089261235063219e+01 -4.166942527186589018e+01 -5.258300581448440703e+00
2.366163510288062000e+01 -4.152432898119938898e+01 -6.263083958909022364e+00
2.373183026306483967e+01 -4.136295164552433334e+01 -7.263612245133598044e+00
2.380439464915064463e+01 -4.118118003205660216e+01 -8.261134818250354783e+00
2.389978294095510236e+01 -4.096264881248684731e+01 -9.248812920451323194e+00
2.399221781102073692e+01 -4.073510452868768539e+01 -1.023503973772141151e+01
2.411074566747478798e+01 -4.046939782147092757e+01 -1.120872140234802927e+01
2.422631358241856603e+01 -4.019472191880235812e+01 -1.218009994918766026e+01
2.436694259331355994e+01 -3.988503812565410556e+01 -1.313786518934998604e+01
2.450859168269232669e+01 -3.956320181034339356e+01 -1.409087269560792066e+01
2.467084032740568489e+01 -3.921208902392636020e+01 -1.503084077738945368e+01
2.483983289954522888e+01 -3.884506298983885131e+01 -1.596271759286647374e+01
2.502509890411206683e+01 -3.845378232024933851e+01 -1.688239947262818674e+01
2.522251710801551283e+01 -3.804368049692112663e+01 -1.779045917374730479e+01
2.543285692703890888e+01 -3.761372144484017355e+01 -1.868728341889887190e+01
2.571444445926758604e+01 -3.716321475366617477e+01 -1.955362255886583611e+01
2.605457662213548886e+01 -3.671175069275835767e+01 -2.039868618634827158e+01
2.640647051041121784e+01 -3.623476041774161160e+01 -2.122348517774194576e+01
2.673686690284400669e+01 -3.574395693048180789e+01 -2.205280623875854573e+01
2.710681867996995820e+01 -3.523151995744512988e+01 -2.285139336131792476e+01
2.765970086255878257e+01 -3.476215351673819498e+01 -2.355917934679163395e+01
2.825499113593665612e+01 -3.429804852445130336e+01 -2.423524033936036304e+01
2.884515278305851282e+01 -3.380924072768592481e+01 -2.491286103616099012e+01
2.960565944373684033e+01 -3.341941902825136879e+01 -2.542184939795324894e+01
3.052388729255936539e+01 -3.313656821198438251e+01 -2.579643944573179226e+01
3.144914549853301011e+01 -3.293427170858767994e+01 -2.606287911455620332e+01
3.249298333305631559e+01 -3.297587413084490748e+01 -2.600815975095029131e+01
3.346023947096848872e+01 -3.312034403300174290e+01 -2.581771256765192391e+01
3.439540280388898452e+01 -3.338689364292263662e+01 -2.546686215862548508e+01
3.522447419584226935e+01 -3.373896048081695653e+01 -2.500452497762546500e+01
3.602406502389145260e+01 -3.410885137682405599e+01 -2.450005408698364917e+01
3.676230507268680014e+01 -3.450540700304933495e+01 -2.392793126859447739e+01
3.743482851247628673e+01 -3.494254961302895168e+01 -2.330285774755382278e+01
3.808831354205777586e+01 -3.536069876689411728e+01 -2.264663303994269938e+01
3.868215772045729750e+01 -3.580330545898987538e+01 -2.195104104216154894e+01
3.924138560315721946e+01 -3.623508546468597302e+01 -2.122080482203342555e+01
3.977695137038260498e+01 -3.667224320817747696e+01 -2.047576310434501679e+01
4.027111409746824933e+01 -3.708738708242442073e+01 -1.969126505146008910e+01
4.072476060352709482e+01 -3.751138161750595401e+01 -1.888671032546896100e+01
4.115547689099906847e+01 -3.791039639566432129e+01 -1.805742055591253958e+01
4.156290524264750275e+01 -3.831043920025795302e+01 -1.721666095455531575e+01
4.193422662464426054e+01 -3.867898045819346464e+01 -1.634561290326520577e+01
4.226951919887423514e+01 -3.905061340332031250e+01 -1.546123218536376953e+01
