-2.864402815220157805e+01 3.397871017456056109e+01 -2.468699026909189698e+01
-2.932386153620391767e+01 3.353329732667455687e+01 -2.527379770446216156e+01
-3.022013934047334516e+01 3.324002683881218445e+01 -2.566016533591088233e+01
-3.111699327232692980e+01 3.295819434951685167e+01 -2.603146365682899699e+01
-3.213989755275543558e+01 3.296187822907451448e+01 -2.602660739919618749e+01
-3.314776562704687279e+01 3.302894461696537576e+01 -2.593818778253021406e+01
-3.407732525789974432e+01 3.330971474046024383e+01 -2.556846248106360164e+01
-3.495587344043389066e+01 3.360701137489215995e+01 -2.517601318529715471e+01
-3.575691860644694486e+01 3.398636129008127682e+01 -2.467627620978055347e+01
-3.652884891722669636e+01 3.436247113296909106e+01 -2.413440559073131553e+01
-3.720831828827594734e+01 3.479649988062134724e+01 -2.351433517392298711e+01
-3.787261641127548017e+01 3.521784031390661340e+01 -2.287148671241422804e+01
-3.848865849526141858e+01 3.565057468839049193e+01 -2.218929794116673904e+01
-3.905513101735724035e+01 3.609295236513589344e+01 -2.147108181234857227e+01
-3.959913054651795505e+01 3.652483895076042586e+01 -2.072905217905713471e+01
-4.011201878282403044e+01 3.694732528302422025e+01 -1.996067907672794206e+01
-4.057489075588947713e+01 3.736672727290770268e+01 -1.915903875333954076e+01
-4.101299276566670216e+01 3.777880687732842802e+01 -1.834016863772557926e+01
-4.142837900196100520e+01 3.817784169301703656e+01 -1.750268446104016462e+01
-4.181480101894759827e+01 3.855433373949842490e+01 -1.664182834905640362e+01
-4.216030048264380525e+01 3.892470140166280856e+01 -1.576081584030923466e+01
-4.247731327080980179e+01 3.927617449086726253e+01 -1.486183367298848879e+01
-4.277397235225044625e+01 3.961476192055073398e+01 -1.395055190046564242e+01
-4.304714754751511663e+01 3.992189764587249101e+01 -1.302118988292643742e+01
-4.330114295170066896e+01 4.022310915982965440e+01 -1.208456784091877978e+01
-4.353082435121734761e+01 4.048851484689226510e+01 -1.113083767900674204e+01
-4.373328592403593973e+01 4.075248979969737917e+01 -1.017081152806621525e+01
-4.390209901053205499e+01 4.097488442425220967e+01 -9.193515947445245473e+00
-4.405490106752966284e+01 4.118764066847359828e+01 -8.211872010850992609e+00
-4.418879181526821043e+01 4.137138991093454621e+01 -7.221104652440509142e+00
-4.430262835146581324e+01 4.152878656227434817e+01 -6.223911645622336231e+00
-4.440405114307964851e+01 4.167404119927004302e+01 -5.223149489580148241e+00
-4.448065956648516561e+01 4.177927866523867095e+01 -4.215211738257875318e+00
-4.454647952958963941e+01 4.187484599889030079e+01 -3.205945979922377287e+00
-4.459184757159728463e+01 4.193844248376579742e+01 -2.192433671996061317e+00
-4.461806039392089218e+01 4.197625029414881936e+01 -1.177675535814958652e+00
-4.463425478140107572e+01 4.199912919704548386e+01 -1.616279809784018084e-01
-4.462212860717608720e+01 4.198215162036419201e+01 8.542585427283392319e-01
-4.460567246028158905e+01 4.195785203665752050e+01 1.869929041362372368e+00
-4.456017054626724416e+01 4.189352880036837234e+01 2.883287363217349686e+00
-4.450579287049552590e+01 4.181581006676252343e+01 3.894612806285672413e+00
-4.443046738996699219e+01 4.170861757170190742e+01 4.902657769828272727e+00
-4.433623846450851147e+01 4.157712769375595485e+01 5.905409916457157848e+00
-4.423109127135621321e+01 4.142737045785619898e+01 6.905270635508771626e+00
-4.409749168303585520e+01 4.124492176966539603e+01 7.895713192291158755e+00
-4.395990012560952920e+01 4.105108257922221782e+01 8.883848656452089543e+00
-4.378837237692329154e+01 4.082130662632491891e+01 9.858774756142214102e+00
-4.360502331346963700e+01 4.057268599675985143e+01 1.082691318763944643e+01
-4.338650466310886600e+01 4.031198303976604791e+01 1.178488454534237562e+01
-4.312608065372169364e+01 4.001832652861524764e+01 1.272188973782202304e+01
-4.286929449794923386e+01 3.971686554321106399e+01 1.365791262593491950e+01
-4.256915334671324302e+01 3.938349390836606290e+01 1.456938824368195817e+01
-4.227001791284121879e+01 3.904357551119932879e+01 1.547929618197463775e+01
-4.193461465508280384e+01 3.867211062762368812e+01 1.636354966357729523e+01
-4.155769258318539983e+01 3.830036325445469458e+01 1.723088642241831536e+01
-4.114137448679462494e+01 3.790706745564783375e+01 1.807062831332308761e+01
-4.072402832605963141e+01 3.750421762498876177e+01 1.890465265066519152e+01
-4.026932584075223787e+01 3.708021176693147680e+01 1.970874667591760243e+01
-3.976081253001451188e+01 3.666056607476143370e+01 2.048150481789501498e+01
-3.922139418879744710e+01 3.623437580657047619e+01 2.122990484802144451e+01
-3.867389480621793751e+01 3.579604166202407356e+01 2.196542309631408330e+01
-3.807477203672015520e+01 3.535454246689904068e+01 2.265694215073141393e+01
-3.742134045293610001e+01 3.493551765075137183e+01 2.331364772122644879e+01
-3.675265976373382415e+01 3.449736561525387657e+01 2.394495243892374248e+01
-3.600432761843377705e+01 3.410665108834265169e+01 2.450467934599997832e+01
-3.521295203709369304e+01 3.372592238725027869e+01 2.502722831013096183e+01
-3.437335829793577346e+01 3.338312543779160535e+01 2.547038769747857145e+01
-3.343116708459028530e+01 3.315447816296403261e+01 2.577182034476616224e+01
-3.247980142783692514e+01 3.294703620101921615e+01 2.604611581881843207e+01
-3.145814660980580157e+01 3.298713129016800139e+01 2.599331620834739809e+01
-3.047865859641082054e+01 3.310255221117742508e+01 2.584121668737919109e+01
-2.960276613405197921e+01 3.345263977836489033e+01 2.538022822992320471e+01
-2.883420138210403394e+01 3.383521499563567403e+01 2.487607326174500955e+01
-2.822114233347557999e+01 3.430644953736813108e+01 2.421732927335125041e+01
-2.763326693961253966e+01 3.478365236285470985e+01 2.353881019565977795e+01
-2.710202234003232746e+01 3.525345705376569327e+01 2.281500062029936871e+01
-2.674253005425238428e+01 3.576565241326593991e+01 2.201055613424994206e+01
-2.637830403917644873e+01 3.625039342344449267e+01 2.119556937779178440e+01
-2.604147814662687921e+01 3.673174940872003447e+01 2.036618442616688895e+01
-2.571212773639106075e+01 3.717936575209786554e+01 1.951510949511614257e+01
-2.542809892927011717e+01 3.763211668968689594e+01 1.865118482816454204e+01
-2.521255029293396177e+01 3.805725875355641818e+01 1.775371179062725702e+01
-2.501686525090973134e+01 3.847346299251743318e+01 1.684754854792214829e+01
-2.482864364038864835e+01 3.885590712411982395e+01 1.592487499511017113e+01
-2.465924020432088781e+01 3.922708907050595428e+01 1.499443674806864024e+01
-2.450172610503656045e+01 3.957718996794214661e+01 1.405334098086413697e+01
-2.435462623706865415e+01 3.989544827824623496e+01 1.309966286615197895e+01
-2.422342621049876854e+01 4.020685240743891598e+01 1.214126816168660028e+01
-2.410072345005877992e+01 4.048200795448603628e+01 1.117058071231978467e+01
-2.399134336852415572e+01 4.073951426190885883e+01 1.019388500144293452e+01
-2.389236542403398644e+01 4.097796911742554471e+01 9.210747134788009660e+00
-2.380465362202172130e+01 4.118229683666039875e+01 8.219256492747874177e+00
-2.372711583011402681e+01 4.137641481956140410e+01 7.224664701342803141e+00
-2.366241506112379511e+01 4.152724985475779107e+01 6.221833269669140520e+00
-2.361013562737383964e+01 4.167549448364277964e+01 5.217844502558628861e+00
-2.357308713384779608e+01 4.178570338906656900e+01 4.208376075243593029e+00
-2.354281891902281387e+01 4.188096245436776144e+01 3.196990635056494945e+00
-2.352270295750519224e+01 4.193839814631665774e+01 2.182429220729681152e+00
-2.350843136870407690e+01 4.198494845252569263e+01 1.167515737062497561e+00
-2.350387309030513450e+01 4.199684824843212994e+01 1.510886176748011678e-01
-2.350675188930286552e+01 4.198940243802891814e+01 -8.648736378070739361e-01
-2.351589501258452586e+01 4.195959394527433517e+01 -1.880833922653462720e+00
-2.353726647730016097e+01 4.189626836737299698e+01 -2.894840511148476736e+00
-2.356095318252172532e+01 4.182074341976732512e+01 -3.907999844040913828e+00
-2.359948323218646493e+01 4.170706615720042976e+01 -4.917335139703371993e+00
-2.364402652679216388e+01 4.157108780184181995e+01 -5.923396410619655938e+00
-2.370394285240183052e+01 4.142583676809734783e+01 -6.927414763348925142e+00
-2.377957809792134469e+01 4.124412911302413676e+01 -7.924684701836182121e+00
-2.386660521779570843e+01 4.103917203441213246e+01 -8.915868698912532864e+00
-2.395912893763910034e+01 4.081514992268165543e+01 -9.903094829375650221e+00
-2.407242186334939760e+01 4.055915130931273183e+01 -1.087963084237505207e+01
-2.418345757074530766e+01 4.029225885160532528e+01 -1.185410858029761449e+01
-2.432276511140826614e+01 3.998839754011391534e+01 -1.281354421804629773e+01
-2.445503338016137462e+01 3.967782502314723558e+01 -1.377209699412051513e+01
-2.462005842340819939e+01 3.932916232016369662e+01 -1.471223267601165752e+01
-2.477661923183690007e+01 3.897475738982237914e+01 -1.565149400140472480e+01
-2.496679295010740063e+01 3.858452187873872674e+01 -1.657050921627217477e+01
-2.515012141386281286e+01 3.818717966064633629e+01 -1.748731616988987980e+01
-2.536601335596782647e+01 3.775769171731421636e+01 -1.838305332154205018e+01
-2.561049418173619685e+01 3.731193754912386851e+01 -1.926227796385928315e+01
-2.593640647935392707e+01 3.686872316242813952e+01 -2.011728886695171070e+01
-2.628923072785034165e+01 3.639469850221270519e+01 -2.094408543192583139e+01
-2.662841085738941871e+01 3.591539728738664650e+01 -2.177363994289261839e+01
-2.696688503103182555e+01 3.540153067052168012e+01 -2.258892256376957519e+01
-2.745598180525531262e+01 3.492173918498701823e+01 -2.333413850888165086e+01
-2.807538282764488358e+01 3.443983189049141913e+01 -2.398139777961133845e+01
-2.864402815220157095e+01 3.397871017456054688e+01 -2.468699026909189342e+01
