4.312608581462569646e+01 3.880465844838032297e+01 -1.602959661901204669e+01
4.330029917003751905e+01 3.918608984637094039e+01 -1.510628613581416069e+01
4.347329902707548399e+01 3.951873803570801158e+01 -1.416341483011063929e+01
4.362281097928464391e+01 3.986157375281735682e+01 -1.322006972253320356e+01
4.376454038172319372e+01 4.015860886384609074e+01 -1.226105333686967569e+01
4.389577859753982381e+01 4.043675042480068527e+01 -1.129373239713838295e+01
4.400968194348551066e+01 4.071053642709126308e+01 -1.032393356408985241e+01
4.411658734829851625e+01 4.092779418617254095e+01 -9.338610990486051477e+00
4.421094297234179749e+01 4.115666529434778909e+01 -8.354301912768098859e+00
4.429190482550242081e+01 4.133936056656356328e+01 -7.360435892054581153e+00
4.436474948150971187e+01 4.150077200928939192e+01 -6.360884999165934417e+00
4.442717263881228718e+01 4.165722174456959692e+01 -5.360706422734571319e+00
4.447345576752481833e+01 4.175526994694501326e+01 -4.352052607967261011e+00
4.451783677564182540e+01 4.186227315051351638e+01 -3.343559638286153657e+00
4.454504037970611563e+01 4.192860262407757688e+01 -2.332422944685204502e+00
4.456218197806959580e+01 4.196418412766115580e+01 -1.318104775214100632e+00
4.457741421708998075e+01 4.200019802104032607e+01 -3.043154634026831729e-01
4.456674576296893520e+01 4.197770836733877786e+01 7.094812949576514427e-01
4.456061000337601286e+01 4.195692721008283144e+01 1.724509227918943566e+00
4.454046393933202097e+01 4.190907951980356216e+01 2.736932994275240727e+00
4.449797443318355761e+01 4.181438360926501474e+01 3.746450081446386804e+00
4.446642209267108825e+01 4.172811974881548025e+01 4.757237625880665455e+00
4.440438888490629665e+01 4.159234085132199965e+01 5.759762516999374249e+00
4.433781287884948341e+01 4.143716484772262021e+01 6.760792648233235447e+00
4.427441743484091319e+01 4.127722858384499460e+01 7.760326032570729282e+00
4.417073265497873535e+01 4.106110497100054602e+01 8.745763086004062714e+00
4.408125514451518967e+01 4.084611204375685389e+01 9.733888753935421079e+00
4.397771662088235445e+01 4.060807819676985275e+01 1.071357018441523579e+01
4.383739664576600603e+01 4.032275759617370170e+01 1.167728011355839079e+01
4.372142795110509894e+01 4.004554364684736356e+01 1.264674222399068171e+01
4.357275741578217776e+01 3.973176101288374440e+01 1.359869451665913509e+01
4.339802150909747525e+01 3.938402639260096549e+01 1.453632675276324093e+01
4.324983562083212263e+01 3.904332261310412377e+01 1.548041374725202957e+01
4.305563054647296894e+01 3.866037591456146316e+01 1.639865613491193841e+01
4.284427478015066981e+01 3.825385636700961101e+01 1.730490028617679954e+01
4.265498216067472725e+01 3.784477557869624320e+01 1.821331729507258501e+01
4.240442106225934538e+01 3.738959973891527255e+01 1.908585855519410757e+01
4.210592766933480391e+01 3.695573493028365419e+01 1.995372309411019174e+01
4.174101473323226230e+01 3.648516030642710462e+01 2.077428279513394926e+01
4.139215473669831624e+01 3.600459861441557763e+01 2.159775044248607401e+01
4.104057115125830535e+01 3.551804577182525691e+01 2.241499680941598882e+01
4.063239441049657330e+01 3.500753668723938716e+01 2.318977511926783563e+01
4.019961203971509178e+01 3.448362882310600241e+01 2.394434812994001760e+01
3.979368941601598664e+01 3.396014557298985181e+01 2.471262752289166542e+01
3.928280609249780042e+01 3.342763038879307658e+01 2.539496509452088446e+01
3.860271975967491187e+01 3.298886699889892071e+01 2.597605577590152848e+01
3.785959066760558756e+01 3.255418159571079428e+01 2.653838232842966960e+01
3.715162924282180512e+01 3.203840351321362334e+01 2.714405473915361711e+01
3.633574066943236147e+01 3.170331976573519128e+01 2.751721138262310618e+01
3.529686456889536572e+01 3.164990939888432209e+01 2.757927831849422162e+01
3.425672322351348242e+01 3.149925876498772581e+01 2.775114751404842650e+01
3.334375688418713679e+01 3.163179800150087218e+01 2.759830155812374741e+01
3.253771983347675700e+01 3.207088642149762592e+01 2.710638773504833310e+01
3.174326523215519558e+01 3.246962832559743362e+01 2.663594198912174349e+01
3.095324742973502197e+01 3.286251937554887093e+01 2.612552371799424833e+01
3.035736648288104789e+01 3.335681831666715880e+01 2.548695041827375007e+01
2.991999861592671905e+01 3.392421710852133998e+01 2.475950058376795582e+01
2.946685045837914174e+01 3.444116435689672784e+01 2.401466591903133363e+01
2.904467850519482042e+01 3.495976844677070261e+01 2.325071820930525845e+01
2.865491701750665854e+01 3.548131520423832086e+01 2.247308500981660728e+01
2.826168049432866880e+01 3.595531982534959070e+01 2.166649052144142829e+01
2.791011559853809842e+01 3.644115812847268643e+01 2.084781845451302473e+01
2.764773332750650070e+01 3.693619252803117803e+01 2.000290084120270961e+01
2.741103912666790166e+01 3.738434643992883366e+01 1.912394444045460773e+01
2.719416819004762331e+01 3.782358812903072476e+01 1.823510738121646924e+01
2.700197545178482628e+01 3.825242739542920845e+01 1.733664874200936268e+01
2.680646169628647257e+01 3.863704964846260737e+01 1.641794362425587650e+01
2.664432339157317031e+01 3.903528579954583932e+01 1.549898379137225746e+01
2.647953081992984181e+01 3.937905271476349611e+01 1.455912250080797143e+01
2.633327835748751511e+01 3.972051908709992318e+01 1.361457970964557163e+01
2.620248123065848134e+01 4.004144853699660445e+01 1.266177582349181385e+01
2.607438691417617349e+01 4.031885119805446749e+01 1.169399039046221667e+01
2.596662431655606440e+01 4.060652682550119863e+01 1.072690503586730415e+01
2.586443524720020548e+01 4.083756218867220156e+01 9.744807333943157346e+00
2.577343566193209057e+01 4.106687235758738552e+01 8.760120878736062267e+00
2.569533206575262341e+01 4.127317319911024640e+01 7.770461372360795593e+00
2.562513692757164918e+01 4.143353925144561600e+01 6.770829477776816319e+00
2.556408070599713511e+01 4.160196431124468575e+01 5.771908125579884974e+00
2.551714352351066850e+01 4.171606208542285543e+01 4.765523180158225180e+00
2.547491828870882458e+01 4.182308588661940263e+01 3.756844108677983129e+00
2.544308622654244090e+01 4.191173478132004959e+01 2.747099206267984872e+00
2.542677766778551884e+01 4.194865450684654462e+01 1.733222911806657551e+00
2.540942612159174629e+01 4.199357086398236305e+01 7.192809042159743482e-01
2.541171256390385125e+01 4.199128098431529565e+01 -2.944494242157960628e-01
2.541921316957157728e+01 4.196863731546984155e+01 -1.309354064133511297e+00
2.542960560690066174e+01 4.193855041009769735e+01 -2.323305179166445633e+00
2.546666012163682424e+01 4.185194331639883814e+01 -3.333178080672913879e+00
2.549488383855462104e+01 4.176980878707167477e+01 -4.344743539048497638e+00
2.553971424896662157e+01 4.165598931471320299e+01 -5.351062501173926123e+00
2.560484881421056969e+01 4.150024683498561728e+01 -6.351815444225623608e+00
2.565751709972439798e+01 4.135060989231038064e+01 -7.354274470117466933e+00
2.574292837358813202e+01 4.115149715314331758e+01 -8.344448164667168655e+00
2.582989246130743410e+01 4.093554667614925791e+01 -9.332564924037763276e+00
2.591318122904875310e+01 4.071326459435047695e+01 -1.031862793561674785e+01
2.603873201592901054e+01 4.043682079965633847e+01 -1.128626326238738464e+01
2.614785260475948192e+01 4.016081740874804495e+01 -1.225709672770068259e+01
2.626953907117903597e+01 3.986362444900446889e+01 -1.321837818311686341e+01
2.643119437820075746e+01 3.951994140083718321e+01 -1.415937459604685245e+01
2.656644751593051268e+01 3.918265417943031537e+01 -1.510708341607935168e+01
2.673140729254807724e+01 3.881368443881188313e+01 -1.603624056372520812e+01
2.692786957121247582e+01 3.840937579536340962e+01 -1.694646128706675725e+01
2.709490632074657412e+01 3.801090224879658308e+01 -1.786456419054563582e+01
2.730463095480137525e+01 3.757629039156235251e+01 -1.875582365989190237e+01
2.753847757285114639e+01 3.711543972453091556e+01 -1.963006309858513987e+01
2.775346397066558879e+01 3.664861496481153580e+01 -2.050449209050109545e+01
2.806309483073464861e+01 3.615396383069626296e+01 -2.133519832285596252e+01
2.843687137141247234e+01 3.568017745976057142e+01 -2.215150570824815546e+01
2.885516334092189794e+01 3.517921698062548330e+01 -2.292956628984555323e+01
2.928427346471761439e+01 3.465964754482428134e+01 -2.368581277682402586e+01
2.969238736147251245e+01 3.414284642203038089e+01 -2.445433389207634534e+01
3.009052535445840348e+01 3.357591592425579563e+01 -2.522239568879668425e+01
3.058413628636535009e+01 3.302685175806890072e+01 -2.591598463462561597e+01
3.129973381501322294e+01 3.261029185533205776e+01 -2.645647205399173529e+01
3.210442204146672651e+01 3.217778728375375152e+01 -2.699106530977945440e+01
3.288800395987403391e+01 3.169004119717357781e+01 -2.754460098238386934e+01
3.374657864239681970e+01 3.143489401086495150e+01 -2.782222213072040518e+01
3.474690665568250836e+01 3.152825489920584801e+01 -2.771623257766560755e+01
3.581123401217761426e+01 3.157704087561739925e+01 -2.766279272007879086e+01
3.673485197113279099e+01 3.176321966884665216e+01 -2.744994006368940020e+01
3.745856013185792222e+01 3.224492125209598470e+01 -2.690709048813567605e+01
3.816302987781322997e+01 3.269949958304511028e+01 -2.634381859833645123e+01
3.887644278318430224e+01 3.314190130962145986e+01 -2.576298019338904055e+01
3.951544260381943729e+01 3.362421367552170182e+01 -2.514400250268107939e+01
3.996500101247349335e+01 3.417405270504438874e+01 -2.442051907587409687e+01
4.040283508768132492e+01 3.468249482150240937e+01 -2.365906812191341402e+01
4.080127999431809371e+01 3.520676618657493862e+01 -2.288713802061732849e+01
4.118188857237612410e+01 3.570965149074605449e+01 -2.209309136461011391e+01
4.154842283906063471e+01 3.619203763624827985e+01 -2.127910819593455827e+01
4.187991376631994456e+01 3.668411649627449123e+01 -2.045594620739483460e+01
4.220744947068757114e+01 3.712506561381295711e+01 -1.960322346582983144e+01
4.248859143984654452e+01 3.756859227983267147e+01 -1.873503659821742673e+01
4.271501424323876961e+01 3.801736451247558790e+01 -1.785395281768748887e+01
4.289684351413418284e+01 3.845229632782411500e+01 -1.695569091730440547e+01
4.312608581462569646e+01 3.880465844838031586e+01 -1.602959661901204669e+01
