3.454547370533342132e+01 -3.952676224355798240e+01 -1.418090443529877831e+01
3.508154260141576231e+01 -3.981361561324271037e+01 -1.336439164390578682e+01
3.558431541652608843e+01 -4.008637562021541356e+01 -1.252081793650633479e+01
3.605234602121674214e+01 -4.034256573318833716e+01 -1.165357253027016249e+01
3.646795982346186094e+01 -4.059272259172658437e+01 -1.075880854422211108e+01
3.679193004532216094e+01 -4.083114497110341290e+01 -9.823442100688991374e+00
3.708753937569156278e+01 -4.105061884925582660e+01 -8.873204966856460985e+00
3.734364481248764633e+01 -4.123986585600772514e+01 -7.905857705527301604e+00
3.758332639014600574e+01 -4.142310586200531475e+01 -6.933099924741467746e+00
3.778223605061079837e+01 -4.157336681420799351e+01 -5.944967765176655483e+00
3.795024602270914471e+01 -4.170206990257752011e+01 -4.949179100989163693e+00
3.809755677182972278e+01 -4.181634674705649246e+01 -3.947204897340772511e+00
3.819120521502930643e+01 -4.188908856821367266e+01 -2.935942336901838257e+00
3.826228218472035536e+01 -4.195281781645857677e+01 -1.921816130220130647e+00
3.830166189674113753e+01 -4.198866666425389838e+01 -9.050600803434757369e-01
3.831609218006335027e+01 -4.200146128002075585e+01 1.137658264510621881e-01
3.829256836777712891e+01 -4.198071836887685748e+01 1.131813900397949268e+00
3.825377057937207326e+01 -4.194528530232361163e+01 2.148930007472014569e+00
3.817508077201484440e+01 -4.187613076853808280e+01 3.162805884005341017e+00
3.806009252578459723e+01 -4.178822738509516910e+01 4.171081232299876262e+00
3.792135690325019937e+01 -4.168106812933235261e+01 5.174310780679295618e+00
3.773368145915397776e+01 -4.153927675820684584e+01 6.165702540397626663e+00
3.753126769821672326e+01 -4.138531984677226916e+01 7.151411792311911597e+00
3.728235633156204187e+01 -4.119993440529671602e+01 8.121936302119170392e+00
3.702174259288914726e+01 -4.100423675519005684e+01 9.086167289993131391e+00
3.671166809629978189e+01 -4.077767797239400238e+01 1.003005495148442172e+01
3.638453646401862329e+01 -4.053615951782971649e+01 1.096341378871604810e+01
3.595444838478333338e+01 -4.029001805604460174e+01 1.185353552601178073e+01
3.545950705630408351e+01 -4.002687622285721147e+01 1.270453682048925792e+01
3.495479053142607739e+01 -3.975271269540975538e+01 1.354460466286937681e+01
3.439248282957174752e+01 -3.946952581208512356e+01 1.433477244916969262e+01
3.361605794897273114e+01 -3.925987812397858789e+01 1.492229348981600445e+01
3.280987838156598713e+01 -3.900895449038405616e+01 1.556058056762687691e+01
3.173899191676703424e+01 -3.896841942874048215e+01 1.565704039454972296e+01
3.082662341297616493e+01 -3.905974700795658094e+01 1.543927294441267684e+01
3.016516949196164887e+01 -3.932936212524546704e+01 1.471330584062897451e+01
2.951123336700522515e+01 -3.960506612079770150e+01 1.398162732534142094e+01
2.895367236284607060e+01 -3.986903131847140003e+01 1.317998650682787876e+01
2.865957105531648352e+01 -4.017346967108114342e+01 1.224627450553027330e+01
2.836395281231038723e+01 -4.043972957705868509e+01 1.130917175762546911e+01
2.808910514815228865e+01 -4.070083187670018532e+01 1.036363928099922660e+01
2.784490819565248287e+01 -4.092864714649308411e+01 9.401017322748309368e+00
2.762410353999513291e+01 -4.113992752693202704e+01 8.429780155564095878e+00
2.742346633065817230e+01 -4.133536692973554949e+01 7.450013081085668176e+00
2.726294052500611897e+01 -4.149266547879430789e+01 6.456898283320793297e+00
2.716716926529050369e+01 -4.164070339538311316e+01 5.453613295904178315e+00
2.708951077587198952e+01 -4.176168998705967539e+01 4.445477608245727019e+00
2.702618503442839781e+01 -4.186044871723282768e+01 3.433413741182921974e+00
2.698413298041204911e+01 -4.192423764287630661e+01 2.417715602052928237e+00
2.695073371274316898e+01 -4.197769104480634894e+01 1.401129991633604188e+00
2.694079094032419164e+01 -4.199208084641131933e+01 3.824218224731946725e-01
2.694037662949027734e+01 -4.199359640056661647e+01 -6.358316769301733951e-01
2.695781526591338562e+01 -4.196566682819806005e+01 -1.654216779062120501e+00
2.699366459309709043e+01 -4.191086408727471735e+01 -2.670427993079862006e+00
2.703837465834984854e+01 -4.183972872726599235e+01 -3.685723482797270023e+00
2.710948115076708831e+01 -4.173155783449114153e+01 -4.696112646493554976e+00
2.718291700646864228e+01 -4.161024808571387723e+01 -5.704690072858374705e+00
2.729357533201643093e+01 -4.145766623589444322e+01 -6.706201296533722989e+00
2.747508448053043395e+01 -4.128424484723449694e+01 -7.693432723521972605e+00
2.767015613633038384e+01 -4.109488186108774244e+01 -8.674890358616789143e+00
2.790902163839047745e+01 -4.087130098002071321e+01 -9.639576542687848359e+00
2.815123158819181626e+01 -4.063934889094410607e+01 -1.060120609062360231e+01
2.844135732800780403e+01 -4.037447670170167413e+01 -1.154103429688277949e+01
2.870997050316620047e+01 -4.009985438420839898e+01 -1.248908888113103366e+01
2.905370279617342177e+01 -3.979845038215759701e+01 -1.339842643091954599e+01
2.966765113890141237e+01 -3.953603816913944513e+01 -1.417237215595316790e+01
3.032404633457373677e+01 -3.925731344141439649e+01 -1.490262393271319041e+01
3.103190717232472551e+01 -3.902034463701086509e+01 -1.553330403359752054e+01
3.210421831563505179e+01 -3.895157868678354873e+01 -1.569735331903809339e+01
3.299586325208677806e+01 -3.906700087219167727e+01 -1.542132097686694081e+01
3.377481164760686028e+01 -3.929487767292054912e+01 -1.480542686194376323e+01
3.454547370533340711e+01 -3.952676224355796109e+01 -1.418090443529876943e+01
