-3.090905761718749645e+01 3.902587559188010147e+01 1.552008187375322201e+01
-3.025128580148290425e+01 3.929432223502038823e+01 1.481054403565240563e+01
-2.960480293104823701e+01 3.956531563771517312e+01 1.408995794386736833e+01
-2.901826722489824562e+01 3.982348965469481783e+01 1.332077433713812553e+01
-2.871501470116345445e+01 4.012115881732702150e+01 1.240585282243694998e+01
-2.841645675238672197e+01 4.039179247277851204e+01 1.148668372988966446e+01
-2.814192302615772334e+01 4.065157169044234564e+01 1.055547267232234177e+01
-2.789752498976281103e+01 4.087788598636930715e+01 9.607848258083654613e+00
-2.767038291727038413e+01 4.109747933525003560e+01 8.654578677931809239e+00
-2.747087215617444755e+01 4.128872489104904275e+01 7.688457108578453436e+00
-2.729917488447782858e+01 4.145476455808886129e+01 6.713201020523339224e+00
-2.719039483366268684e+01 4.160039348820960470e+01 5.725538386013384162e+00
-2.710883321667238022e+01 4.173335248923665119e+01 4.733410877700770847e+00
-2.704522365937426898e+01 4.182949228965083677e+01 3.735272783890558390e+00
-2.699538085456147130e+01 4.190795154204669615e+01 2.735435065263384757e+00
-2.695903750926214926e+01 4.196457043828354472e+01 1.732978785376353636e+00
-2.694401696348195685e+01 4.198763270025281003e+01 7.290000027646932335e-01
-2.693600763955795330e+01 4.200044770212281264e+01 -2.753504874746350861e-01
-2.695309114002732898e+01 4.197383293592881870e+01 -1.279500804307267980e+00
-2.697594878416208175e+01 4.193804385176192540e+01 -2.282793717931058453e+00
-2.702161902426250961e+01 4.186719873789756008e+01 -3.284048014555414952e+00
-2.707795535004080634e+01 4.177968059746851992e+01 -4.282725414010259080e+00
-2.715028468111645310e+01 4.166720723708387908e+01 -5.278578394296276954e+00
-2.723993955790067645e+01 4.152100004339371964e+01 -6.268156998294399429e+00
-2.739183212968591263e+01 4.136535456824082502e+01 -7.248507670969706496e+00
-2.757404061404193385e+01 4.118731107201890040e+01 -8.220624703314038939e+00
-2.779652007758793886e+01 4.097802428990036105e+01 -9.176899849280134802e+00
-2.802645841385244907e+01 4.075828570966606890e+01 -1.012983856969191088e+01
-2.829197922064022563e+01 4.050946687108375244e+01 -1.106608742520659483e+01
-2.857728180604801693e+01 4.024968051851795536e+01 -1.199246950282794266e+01
-2.884054895946606223e+01 3.995597543203095370e+01 -1.292701616787607755e+01
-2.931612747060239599e+01 3.968241786843206143e+01 -1.375638744854752282e+01
-2.995328491750440847e+01 3.941261419095553009e+01 -1.449750939342467682e+01
-3.060709523858449188e+01 3.915051127663345198e+01 -1.519643296812208355e+01
-3.148053260223898064e+01 3.900398914370293113e+01 -1.557268933216872853e+01
-3.248873295755191748e+01 3.895066776778298845e+01 -1.569926767949224811e+01
-3.329280444112279014e+01 3.915670967469123553e+01 -1.518780970297895117e+01
-3.407714680416057007e+01 3.937405485824866247e+01 -1.458938750719624977e+01
-3.474407572876086192e+01 3.963220188067801786e+01 -1.389782105028416304e+01
-3.525282610646714687e+01 3.990414116696037183e+01 -1.307606252574255912e+01
-3.574521584166807031e+01 4.017597500005956590e+01 -1.224331968640772317e+01
-3.619538582620421607e+01 4.041932602775167283e+01 -1.137866301813255099e+01
-3.657140840428336048e+01 4.067013048443413226e+01 -1.048264518105943033e+01
-3.687632139006719711e+01 4.089163238458982619e+01 -9.551807071455908016e+00
-3.716309955192274117e+01 4.110702623133973077e+01 -8.613508456972134297e+00
-3.740897566280897024e+01 4.128908144200877217e+01 -7.656408439721304582e+00
-3.763183233895577473e+01 4.145850851359998757e+01 -6.692359830545758115e+00
-3.782788576528849944e+01 4.160843889534611151e+01 -5.718099065395434444e+00
-3.798298729456869438e+01 4.172655939626549326e+01 -4.733017784906160763e+00
-3.812270263174477947e+01 4.183538558076305947e+01 -3.744068168451118339e+00
-3.820587110805261943e+01 4.190101612000572118e+01 -2.745379527025274768e+00
-3.827487522798310948e+01 4.196396423441378687e+01 -1.745254392321639259e+00
-3.830400365091347936e+01 4.199012852670001195e+01 -7.417921145788286541e-01
-3.831687050607112610e+01 4.200174016989309678e+01 2.627144455372310006e-01
-3.828811704500930091e+01 4.197619730197492771e+01 1.266645615340672215e+00
-3.824553782133319402e+01 4.193729816521937437e+01 2.269045497268255662e+00
-3.816873007175540522e+01 4.187062932250101710e+01 3.269139908063909861e+00
-3.804978363753819792e+01 4.177965937299367738e+01 4.262590370545482621e+00
-3.790811815055593570e+01 4.167068628335458413e+01 5.250641219655378222e+00
-3.772301919916767332e+01 4.153055438925171217e+01 6.228324923958886927e+00
-3.751980436981868650e+01 4.137642473513050589e+01 7.199127065096119438e+00
-3.727459836675006954e+01 4.119358444655080120e+01 8.156280859582508924e+00
-3.701589608446560931e+01 4.099955686701032676e+01 9.106403660080674811e+00
-3.670993479990156771e+01 4.077601234580708933e+01 1.003711414743929708e+01
-3.638756634445002902e+01 4.053785313005563040e+01 1.095759610984945454e+01
-3.596455462707186257e+01 4.029495724768536746e+01 1.183586882598564749e+01
-3.547751010111090153e+01 4.003640010774408609e+01 1.267584996241297901e+01
-3.497919542483820265e+01 3.976561986853486985e+01 1.350398270747101925e+01
-3.443500100168199651e+01 3.948460852461764858e+01 1.429364302234827022e+01
-3.368131455345189806e+01 3.927149536453049450e+01 1.488850558227872511e+01
-3.288053273308756985e+01 3.903429848788535139e+01 1.550032996141456998e+01
-3.171857432302009272e+01 3.924865592529037173e+01 1.499441202558558572e+01
-3.090905761718750000e+01 3.902587559188010857e+01 1.552008187375322379e+01
