-2.168676475875260223e+01 -3.961950250577544352e+01 -1.393153483514364765e+01
-2.178878552044707106e+01 -3.927052203478470460e+01 -1.487063592956716640e+01
-2.188731053637911472e+01 -3.891458840804504149e+01 -1.580766627387265899e+01
-2.200429192650694077e+01 -3.851940432544901682e+01 -1.672692618314472668e+01
-2.213689060174056777e+01 -3.811444615581321926e+01 -1.763934874798490426e+01
-2.227764162038942075e+01 -3.768432148160211881e+01 -1.853932685587756168e+01
-2.242405728140014531e+01 -3.722913427374425055e+01 -1.942563418314762558e+01
-2.259159261554815501e+01 -3.676601226430052805e+01 -2.030421019521062220e+01
-2.275786366936820571e+01 -3.626859159107395669e+01 -2.116413602603748245e+01
-2.294550364732693737e+01 -3.576339489532628590e+01 -2.201477556563767379e+01
-2.314479795631448411e+01 -3.523748101824826051e+01 -2.285041419948126062e+01
-2.334812167429029373e+01 -3.468605292203350388e+01 -2.366810315607484227e+01
-2.357652168980573748e+01 -3.412658494887836014e+01 -2.447397075756363805e+01
-2.385633760492655853e+01 -3.355588508661380587e+01 -2.525507056165045938e+01
-2.416398052125367357e+01 -3.297131554582528423e+01 -2.601534885888816362e+01
-2.448020751750387092e+01 -3.236432002696655985e+01 -2.675420782640242834e+01
-2.483510502436858403e+01 -3.176239153682096727e+01 -2.747952635225951568e+01
-2.518238875463737969e+01 -3.112808872446077402e+01 -2.818163033667375572e+01
-2.562490305321817985e+01 -3.052310983214136542e+01 -2.885240656320243247e+01
-2.613040204031627667e+01 -2.991068075559109474e+01 -2.947213937714854382e+01
-2.667854879076248764e+01 -2.931738846020054012e+01 -3.007351269262878901e+01
-2.724291268379489139e+01 -2.870833007253905578e+01 -3.064407073271126336e+01
-2.798456938595950305e+01 -2.821272668979623788e+01 -3.111135339575702830e+01
-2.874587698639688327e+01 -2.771563971363723411e+01 -3.154646851839461519e+01
-2.961836042310129713e+01 -2.735461010801042292e+01 -3.185859974421042295e+01
-3.056096853893862075e+01 -2.705725652629045541e+01 -3.211511691074968411e+01
-3.155638457599199143e+01 -2.698288673250056391e+01 -3.217935067358487089e+01
-3.256389614746737493e+01 -2.695893157953322827e+01 -3.220003221313443476e+01
-3.354007576619174102e+01 -2.714492978716830507e+01 -3.203947380996783068e+01
-3.451077355327915086e+01 -2.734275710347706578e+01 -3.186872034322161795e+01
-3.541639847372240979e+01 -2.766927677943454711e+01 -3.158698330322096126e+01
-3.631597512721375409e+01 -2.801877726084645204e+01 -3.128517006461278882e+01
-3.715149580901191229e+01 -2.843766615040658863e+01 -3.090739819019157864e+01
-3.797158453395198308e+01 -2.885909048419394551e+01 -3.050336947508210272e+01
-3.874571031233001861e+01 -2.932828142441262287e+01 -3.006313747784215451e+01
-3.949591588966075761e+01 -2.980295518667551491e+01 -2.958627292583022239e+01
-4.021416323666775128e+01 -3.029497607302249662e+01 -2.908061156789363011e+01
-4.089613013648644113e+01 -3.080800727553897644e+01 -2.854524131434444811e+01
-4.155606013760462503e+01 -3.131456520211701644e+01 -2.797712924875704488e+01
-4.217155163946745233e+01 -3.184607177190252614e+01 -2.738322832885456393e+01
-4.273820868002231776e+01 -3.237565830768572539e+01 -2.674047518747696373e+01
-4.331347571028647536e+01 -3.290296199698870794e+01 -2.610371032973067429e+01
-4.383638624393748273e+01 -3.342469838253287406e+01 -2.541900069538210971e+01
-4.430536547181460350e+01 -3.396310542877287730e+01 -2.470847933943674946e+01
-4.473903103683595361e+01 -3.448286752201421734e+01 -2.396275272682373014e+01
-4.518238252712427538e+01 -3.499799890950326642e+01 -2.321936283787298194e+01
-4.557453378946289035e+01 -3.549592393638565824e+01 -2.243640942726965193e+01
-4.590894344478721223e+01 -3.599951601489538433e+01 -2.163107066819012303e+01
-4.622352826965758510e+01 -3.647902753090138361e+01 -2.080284522798950420e+01
-4.653308184494756006e+01 -3.694817243918258498e+01 -1.996768217865804829e+01
-4.680780268278942913e+01 -3.739383272577256179e+01 -1.910695627339169533e+01
-4.708933031394697366e+01 -3.782764313134815382e+01 -1.824311541937614223e+01
-4.732636896710830143e+01 -3.824307529163660035e+01 -1.735614376213746368e+01
-4.751827615445749586e+01 -3.863852654217684091e+01 -1.644994556136456509e+01
-4.771124357446316822e+01 -3.902073541247473543e+01 -1.553835695078949897e+01
-4.787378694577089533e+01 -3.937033749372215397e+01 -1.460778057969453059e+01
-4.803985024478036792e+01 -3.971029093114814401e+01 -1.367464095923339151e+01
-4.817930961471731166e+01 -4.001834553576021847e+01 -1.272571604137040779e+01
-4.831834043287538805e+01 -4.031336562596337814e+01 -1.177323007037513136e+01
-4.843727270904930293e+01 -4.057994598399968567e+01 -1.080900031858753962e+01
-4.854931147776272837e+01 -4.082720805255249985e+01 -9.839534486530872925e+00
-4.864935410868393717e+01 -4.105233132848072586e+01 -8.862665676756376953e+00
-4.873491757784574219e+01 -4.124952081523256453e+01 -7.878969973813058303e+00
-4.881601395812016619e+01 -4.143196624998445543e+01 -6.891589418443390791e+00
-4.887706644714118198e+01 -4.157868033822362719e+01 -5.897014901699071387e+00
-4.893759537603794030e+01 -4.171540811730006482e+01 -4.900981471865829775e+00
-4.897740637604861291e+01 -4.181383526314292709e+01 -3.899155350751790206e+00
-4.901589940975403437e+01 -4.190154693054597601e+01 -2.896701186080152368e+00
-4.903725951776299041e+01 -4.195500420072755787e+01 -1.890801517509887342e+00
-4.905245915377363275e+01 -4.199011805862595281e+01 -8.845607264843530215e-01
-4.905684747168385229e+01 -4.200177310100648498e+01 1.228381615204448413e-01
-4.904839450302190329e+01 -4.198167552287702620e+01 1.129778797329488826e+00
-4.903383195570754793e+01 -4.194861608167342837e+01 2.136403007816237931e+00
-4.900431048592111694e+01 -4.187781730477585285e+01 3.140900095903544020e+00
-4.896881235839585145e+01 -4.179571249758451046e+01 4.143957583649211074e+00
-4.892009587403078541e+01 -4.168148926629582718e+01 5.143777813293747059e+00
-4.886225616169743091e+01 -4.154514349635796577e+01 6.139815683994861217e+00
-4.879378292279010765e+01 -4.139110704976518917e+01 7.132976568096699665e+00
-4.871377767832596817e+01 -4.120046058230626329e+01 8.118774960772578098e+00
-4.862358270329492882e+01 -4.100141991163724953e+01 9.101868771436121719e+00
-4.852160611677570046e+01 -4.076741183559693837e+01 1.007641502177465043e+01
-4.840895351022119542e+01 -4.051594645789084126e+01 1.104489855700624190e+01
-4.828286843023641239e+01 -4.024608067614192919e+01 1.200722535173295391e+01
-4.814763130289626503e+01 -3.994154697687665134e+01 1.295762498335252211e+01
-4.799622030960551200e+01 -3.963110763081191834e+01 1.390368766936810907e+01
-4.783477813549455959e+01 -3.928681200710182964e+01 1.483649739377063348e+01
-4.766000511093775316e+01 -3.892512973228972584e+01 1.575986756676226541e+01
-4.746745416326793787e+01 -3.854929244027932356e+01 1.667449486230567857e+01
-4.726082306413108114e+01 -3.813935139087050885e+01 1.757075334281640622e+01
-4.701163804275491742e+01 -3.772386638622975852e+01 1.845379016766681701e+01
-4.674186257661499155e+01 -3.728610824049503947e+01 1.931964511335291235e+01
-4.645037922967816968e+01 -3.683769006405724156e+01 2.017319787642175655e+01
-4.614812825060887747e+01 -3.635947203826759022e+01 2.100647836992276041e+01
-4.581892865027228368e+01 -3.588035014621621599e+01 2.182892123406571372e+01
-4.546970188250163147e+01 -3.537374396548486288e+01 2.262624107838009024e+01
-4.506396353603793870e+01 -3.487669699381157784e+01 2.340240013603462543e+01
-4.463681123017445884e+01 -3.435278724410218842e+01 2.414915693830709031e+01
-4.418003007404016813e+01 -3.383297550099333506e+01 2.488086138892930421e+01
-4.369922409418404641e+01 -3.329698581261582291e+01 2.558501446867694895e+01
-4.316481572715316872e+01 -3.277691659366584531e+01 2.626172791170939291e+01
-4.260584100355836767e+01 -3.224045397980183481e+01 2.690527830010011101e+01
-4.201776022430933466e+01 -3.171478809857460135e+01 2.753158254540068128e+01
-4.138856082216113208e+01 -3.118781712547194829e+01 2.811544491026555548e+01
-4.072241113843583804e+01 -3.068453547610542387e+01 2.867864422282841730e+01
-4.003729288569891764e+01 -3.016970435621073676e+01 2.920739622449042372e+01
-3.931118621190891105e+01 -2.968213696008779579e+01 2.970675789622555030e+01
-3.856010827455835255e+01 -2.920471992299659902e+01 3.017831277278412472e+01
-3.777211291668187698e+01 -2.874709330039456390e+01 3.060690735125791662e+01
-3.694825730960442911e+01 -2.832796898995900747e+01 3.100703527621802635e+01
-3.610476310301611846e+01 -2.791869531963260442e+01 3.137164559295932165e+01
-3.520189165840674406e+01 -2.757877967651216622e+01 3.166499742708098708e+01
-3.427875371930437609e+01 -2.728116866331081880e+01 3.192189192154712174e+01
-3.330784630111750744e+01 -2.705301104768776810e+01 3.211882693033142289e+01
-3.231562870496995288e+01 -2.697048507637859061e+01 3.219005747338435697e+01
-3.129755623742932613e+01 -2.694120329602941766e+01 3.221526682508545036e+01
-3.034250896192492064e+01 -2.715289313645806857e+01 3.203252955478559016e+01
-2.938271449588836504e+01 -2.739936792370843222e+01 3.181875888951020315e+01
-2.855701345499245747e+01 -2.781706403552504980e+01 3.146334230147380140e+01
-2.779595832967244107e+01 -2.832049758332105682e+01 3.101134061668265929e+01
-2.709129472426085883e+01 -2.883637328030861724e+01 3.052516104266108599e+01
-2.654985461495568799e+01 -2.945701559663270075e+01 2.993805855618461109e+01
-2.603157705845986669e+01 -3.006113089269700822e+01 2.932001829724255160e+01
-2.549996932037490893e+01 -3.065639072358121098e+01 2.870752675302600920e+01
-2.508450020090601384e+01 -3.127258834066023496e+01 2.802885850258062916e+01
-2.475411454024587599e+01 -3.190374668894587984e+01 2.731383665137020955e+01
-2.442297901284218042e+01 -3.250844455808820044e+01 2.657990924687066325e+01
-2.408329749138995624e+01 -3.310921044794372392e+01 2.584638908363567822e+01
-2.378379525256773874e+01 -3.369266298890802602e+01 2.508163213904774125e+01
-2.350601485244959932e+01 -3.425834536746071279e+01 2.429581650281801330e+01
-2.329383332051602551e+01 -3.482166458290183186e+01 2.348736827184938392e+01
-2.310708053116693961e+01 -3.535688215543515156e+01 2.265462429958585133e+01
-2.290059830584592504e+01 -3.588578624532931372e+01 2.182262836752321533e+01
-2.273237998403230620e+01 -3.638362033096087345e+01 2.096342618094512034e+01
-2.254883586449193089e+01 -3.687563423627143067e+01 2.010413443077295170e+01
-2.240099879012172224e+01 -3.733493613344217721e+01 1.921988381653879330e+01
-2.224085498599366062e+01 -3.778699813656977824e+01 1.833452299894698001e+01
-2.211063386978313972e+01 -3.820680622940675164e+01 1.742796958375877381e+01
-2.197343719123815475e+01 -3.861593793594743573e+01 1.651828203180014043e+01
-2.185845805106781725e+01 -3.899566969446050990e+01 1.559209843794716122e+01
-2.175274042634179494e+01 -3.935311012297595568e+01 1.465617800530641723e+01
-2.166698159703062743e+01 -3.969601471686576843e+01 1.371346697854809626e+01
-2.158401427583804377e+01 -4.001393727775337084e+01 1.276105362841804869e+01
-2.151333485164863291e+01 -4.030252969459949952e+01 1.179900043056193049e+01
-2.144052697761463122e+01 -4.057935663726869535e+01 1.083307645100696703e+01
-2.138483132174657086e+01 -4.081925768899378681e+01 9.856627696674447492e+00
-2.132398257888937820e+01 -4.105163375761986089e+01 8.878411923268942019e+00
-2.128044219222473288e+01 -4.124480953374536085e+01 7.890834773963172566e+00
-2.123382959376148094e+01 -4.142791169661757777e+01 6.901692542829283461e+00
-2.119971855706753772e+01 -4.157764515387759019e+01 5.906077767011031376e+00
-2.116840623046245540e+01 -4.170721744801613085e+01 4.908074485835419942e+00
-2.114261554848502556e+01 -4.181585834891824049e+01 3.906860950369860586e+00
-2.112546042255574008e+01 -4.189124647182993044e+01 2.902890506095010537e+00
-2.110924116453603006e+01 -4.195713429570399455e+01 1.897867215801608554e+00
-2.110391548862479993e+01 -4.198197238376229734e+01 8.910070238301538437e-01
-2.109952256074228316e+01 -4.199889170678975603e+01 -1.159127686773662180e-01
-2.110427593816270075e+01 -4.197914335228928451e+01 -1.123082275874297542e+00
-2.111260007012745632e+01 -4.194108797185166537e+01 -2.129222918072326998e+00
-2.112748153832374598e+01 -4.188079000763876536e+01 -3.134722306588655805e+00
-2.114774103275848915e+01 -4.178726483265322855e+01 -4.137141809993781116e+00
-2.117404059208162437e+01 -4.168468253259613476e+01 -5.138852978375116010e+00
-2.120566000052953015e+01 -4.154162346299172981e+01 -6.135364622323190353e+00
-2.124384512206772513e+01 -4.138885201657038948e+01 -7.130019686223343811e+00
-2.128788522317705656e+01 -4.120373998926539372e+01 -8.119280134137154548e+00
-2.133696640030391478e+01 -4.099534198963834797e+01 -9.103180622309873016e+00
-2.139537500205728193e+01 -4.077158818730408285e+01 -1.008368265385342610e+01
-2.145587232743400463e+01 -4.051173449031441010e+01 -1.105479586207582088e+01
-2.152836152668555414e+01 -4.024362240601521989e+01 -1.202298820464528184e+01
-2.160301908769272217e+01 -3.993976832434197632e+01 -1.298046852879612345e+01
-2.168676475875260223e+01 -3.961950250577544352e+01 -1.393153483514364943e+01
