4.702455357760234023e+01 3.845678984505503450e+01 -1.683347748120394627e+01
4.714176748322343258e+01 3.887585735174049972e+01 -1.592209788378637825e+01
4.727633350629147913e+01 3.922182796357561330e+01 -1.498461728444843644e+01
4.739142254726743175e+01 3.956971547399428601e+01 -1.404432692809103855e+01
4.749064949708889571e+01 3.990660262665745961e+01 -1.309878681469030326e+01
4.759386221584257726e+01 4.019039877894049795e+01 -1.213627503906635319e+01
4.767841866202208223e+01 4.048403109727554749e+01 -1.117431217186079984e+01
4.775791109290040026e+01 4.073562271870751772e+01 -1.020130936647683129e+01
4.783199226723792918e+01 4.096428310115092586e+01 -9.221040597457898613e+00
4.789377985823676909e+01 4.118791313631459161e+01 -8.239241735927794963e+00
4.795112566795023668e+01 4.135686613821404478e+01 -7.246530864351144352e+00
4.800098346239825275e+01 4.153083342691521551e+01 -6.253413952136983589e+00
4.804138470188549803e+01 4.166965645458020617e+01 -5.255587085877047926e+00
4.807602878267165636e+01 4.177484687759900339e+01 -4.252416825429409464e+00
4.810542110367754276e+01 4.187950523331313946e+01 -3.249186344882604605e+00
4.812182076213440496e+01 4.193076121359243302e+01 -2.242239012375167651e+00
4.813801889144036750e+01 4.197977169581600521e+01 -1.233989368000659503e+00
4.814524975460091838e+01 4.200401899930950833e+01 -2.258271713497221334e-01
4.813957991062085284e+01 4.198270981229355669e+01 7.829558666049609705e-01
4.813790602618204417e+01 4.196555969452391111e+01 1.792222243148858363e+00
4.811771118664712787e+01 4.190190984242869376e+01 2.798132161980817934e+00
4.809608104503713832e+01 4.182090351214455382e+01 3.804133341934426316e+00
4.807335122187345178e+01 4.172946666166723162e+01 4.808596867477440640e+00
4.802565633786309718e+01 4.158507444150649235e+01 5.805584112966063692e+00
4.798944473393031984e+01 4.144300685497444903e+01 6.804511998161373754e+00
4.793964466923776513e+01 4.127156285371335542e+01 7.796783483271090276e+00
4.786968173244102331e+01 4.105825826805085654e+01 8.780567304917257232e+00
4.781540530613204965e+01 4.084965153792095549e+01 9.766666675684710697e+00
4.773137661670569543e+01 4.059591003431587808e+01 1.073845441099650166e+01
4.764545021434818040e+01 4.032265092946466467e+01 1.170634871845010849e+01
4.756773554078324651e+01 4.004421912598149902e+01 1.267284675243863035e+01
4.744832835811357086e+01 3.971438600460322021e+01 1.361807700010791500e+01
4.734660929952630681e+01 3.938230881009788220e+01 1.456594687207171290e+01
4.723835888996401167e+01 3.903269648273196424e+01 1.550521809057906530e+01
4.708639214711851650e+01 3.863574413248167616e+01 1.642010403290911214e+01
4.696506342211814911e+01 3.824409956580988990e+01 1.734246882671431678e+01
4.681930299969885567e+01 3.782487424681164612e+01 1.824696912169095597e+01
4.663717044401389700e+01 3.736833257451741730e+01 1.912842047234088483e+01
4.649105612742008020e+01 3.691770587163026107e+01 2.001943343943369058e+01
4.630540893017073500e+01 3.643444288490218952e+01 2.088377694948369268e+01
4.609108176528462764e+01 3.592300556732484296e+01 2.172745429117991733e+01
4.591345766392549166e+01 3.541493579328610508e+01 2.258066364890240507e+01
4.569898028860314554e+01 3.486769659121925002e+01 2.339897932556110050e+01
4.545078708069694784e+01 3.430614179970346100e+01 2.420106258876457161e+01
4.516058534010386438e+01 3.374512886077670260e+01 2.498699988402420402e+01
4.486137165563245333e+01 3.316203409473600772e+01 2.575525134189516407e+01
4.456221425009552206e+01 3.257160912270312991e+01 2.651636481295765435e+01
4.420073708940950752e+01 3.196140520424633991e+01 2.723196076968832102e+01
4.382147915891820844e+01 3.134049772490529762e+01 2.793124511308343827e+01
4.347829347570609571e+01 3.071463528905947271e+01 2.864405541265403343e+01
4.310978828266604523e+01 3.006275407104942587e+01 2.932183374792225194e+01
4.267921021087597211e+01 2.940960917556608933e+01 2.996080712352691933e+01
4.216471293406610243e+01 2.879543591186151019e+01 3.057366622025875813e+01
4.156166287691606698e+01 2.819194851820657988e+01 3.111169009213070780e+01
4.096254243595441125e+01 2.758598852141047431e+01 3.164911839313517561e+01
4.037487373139601488e+01 2.697286886884227641e+01 3.219346333877972199e+01
3.975022775958113641e+01 2.635031910119193199e+01 3.269194863131633610e+01
3.900439263878044471e+01 2.582700868971055286e+01 3.309023806297387438e+01
3.814235523945785644e+01 2.542022145635751684e+01 3.340579397942347128e+01
3.724644075516103214e+01 2.503624011240295033e+01 3.370668722807702977e+01
3.635257188107190274e+01 2.468725191059981228e+01 3.397849161034625354e+01
3.530836616053165500e+01 2.459028081328716553e+01 3.404177886609687675e+01
3.430745905178858379e+01 2.445188501986771712e+01 3.413769251194973720e+01
3.336107667679584665e+01 2.463621012570568070e+01 3.401344693710125000e+01
3.245580630675094369e+01 2.498942092645951618e+01 3.375226742210361408e+01
3.153978157099234281e+01 2.532462595581087328e+01 3.348382345295045326e+01
3.066365641301825917e+01 2.571639405375305643e+01 3.318014000628581073e+01
2.997934602422598260e+01 2.630434165321573303e+01 3.272466070751229239e+01
2.934956942221023724e+01 2.692114625881008649e+01 3.223628066244759083e+01
2.870353423029543549e+01 2.749919990215040144e+01 3.171909246053036568e+01
2.810710708017250070e+01 2.810991058779761786e+01 3.118040075591937210e+01
2.761393239905073216e+01 2.876948606741381198e+01 3.060016081156590317e+01
2.718719263618205417e+01 2.942338980195734166e+01 2.996125345548216146e+01
2.677343292255563156e+01 3.006545661157005256e+01 2.930264929133073082e+01
2.642588852170210956e+01 3.073032393401004470e+01 2.862843893580687649e+01
2.604623197535087087e+01 3.134528742479968599e+01 2.792454391066200259e+01
2.573692861562523859e+01 3.198813838967695133e+01 2.721099921898655438e+01
2.541677875974383838e+01 3.259489726309919888e+01 2.647191960669793787e+01
2.512192930102355604e+01 3.318409043491975297e+01 2.570888269740185805e+01
2.486051889723427522e+01 3.378300436942450347e+01 2.493926654056087955e+01
2.464574078463265394e+01 3.436865148541202331e+01 2.414729778255659198e+01
2.441515926256343505e+01 3.490953364225933342e+01 2.332654199436432663e+01
2.423569762047346288e+01 3.546311449934610494e+01 2.250268813882198060e+01
2.404400080372453630e+01 3.597500903428498731e+01 2.165515544910437740e+01
2.386757081706968719e+01 3.647359294643772643e+01 2.079579888002452037e+01
2.372186475085648993e+01 3.696859978395083601e+01 1.992956327951904072e+01
2.355621233530087721e+01 3.741373126049440145e+01 1.903924088761478117e+01
2.343129788231036059e+01 3.787283028729544299e+01 1.814945051711898216e+01
2.329646541858389597e+01 3.828489265348871129e+01 1.723923174107025957e+01
2.317418003972584017e+01 3.868408109099652847e+01 1.632049472306101379e+01
2.307286288981924827e+01 3.907540383774558279e+01 1.539661137355491860e+01
2.295943837514444752e+01 3.941410684434833200e+01 1.445306595727554644e+01
2.287284378333577450e+01 3.976470900370414796e+01 1.351068597875051402e+01
2.278447304334454415e+01 4.006918549384696604e+01 1.255372039108141813e+01
2.270316250751396225e+01 4.035642770417563696e+01 1.158961029664479092e+01
2.263701641487057259e+01 4.063634970866425533e+01 1.062284074867117489e+01
2.256753732863767326e+01 4.086139359846075791e+01 9.641986507220357439e+00
2.251205091946497205e+01 4.109494840957072626e+01 8.661595779003468110e+00
2.246213401306671287e+01 4.128791844559576418e+01 7.673363897903528574e+00
2.241585567533595835e+01 4.145403814717857927e+01 6.678915759718167422e+00
2.237905551937414472e+01 4.161730006000088622e+01 5.684002074811629335e+00
2.234821579662542845e+01 4.172492247430908918e+01 4.681728987205677761e+00
2.232118112282014977e+01 4.183557309809382474e+01 3.678700323508803383e+00
2.230289773403734443e+01 4.191562822587123094e+01 2.673772935593574207e+00
2.229124559844334641e+01 4.195506916317049217e+01 1.665460163262886040e+00
2.228082866530933970e+01 4.199813842396853403e+01 6.572491192925514758e-01
2.228471721392915939e+01 4.198902928758369058e+01 -3.509083104643206386e-01
2.228763988114430461e+01 4.197169873190814116e+01 -1.360256640083791657e+00
2.229591895047994399e+01 4.193721169208919974e+01 -2.368208308135600682e+00
2.232104130285053145e+01 4.185082312247801184e+01 -3.372975065778956338e+00
2.233758924062188100e+01 4.177058895127936466e+01 -4.379117049510904636e+00
2.237028687119692805e+01 4.165104897686572372e+01 -5.379517750472211368e+00
2.241084777003447925e+01 4.150092183849171334e+01 -6.376750251170798300e+00
2.244410574924397750e+01 4.135037474729870155e+01 -7.373944263363849672e+00
2.250535304765617894e+01 4.114666612578093208e+01 -8.359428598094609697e+00
2.255661165257359713e+01 4.093843222900479617e+01 -9.345905884214595005e+00
2.261251855760051654e+01 4.071219552130200725e+01 -1.032696440953766626e+01
2.269896498783906580e+01 4.043508407481964184e+01 -1.129305557239411684e+01
2.276308464141671450e+01 4.016512119077446386e+01 -1.226363759545453114e+01
2.284977856237367888e+01 3.986008395434954821e+01 -1.322022509415289804e+01
2.295514246100595557e+01 3.952002899789830082e+01 -1.416451427729682599e+01
2.303702385828149701e+01 3.918526538342063503e+01 -1.511292621380986922e+01
2.315920920344549927e+01 3.880461938398358512e+01 -1.603807731529326830e+01
2.328083146631403721e+01 3.840648026684465322e+01 -1.695753878324957853e+01
2.338725772441000927e+01 3.800556036535139270e+01 -1.787671820230440289e+01
2.354471336557223538e+01 3.755699766155120045e+01 -1.876603462709119086e+01
2.368488085341649096e+01 3.710207975861049334e+01 -1.965603405222946165e+01
2.382391635035387623e+01 3.663566457522895803e+01 -2.053850266467420838e+01
2.401404890838515982e+01 3.612770652009000116e+01 -2.138938341091203554e+01
2.417796657894640333e+01 3.561718984149639056e+01 -2.224438966965035647e+01
2.435519341558688922e+01 3.508917626510065446e+01 -2.308390246394966283e+01
2.457887594421243094e+01 3.452764291461617319e+01 -2.389263126618045163e+01
2.477335875061922366e+01 3.396446619742267359e+01 -2.470720702421208870e+01
2.502261250739558207e+01 3.336252582271540490e+01 -2.547891722415434046e+01
2.530010315772058149e+01 3.277685058510138560e+01 -2.625292572680533709e+01
2.563120183303308153e+01 3.217430332916815416e+01 -2.698894645042321727e+01
2.598017608483496943e+01 3.154635438475177622e+01 -2.769774570403692593e+01
2.629331372288122992e+01 3.091593813946271752e+01 -2.842113971671000172e+01
2.665265197555052623e+01 3.027387783530340570e+01 -2.910853578833573962e+01
2.706496945855413472e+01 2.961846602559945296e+01 -2.975610192116275243e+01
2.745694626894880841e+01 2.895756491039367475e+01 -3.041052465737645605e+01
2.788242993599521569e+01 2.828439475011840187e+01 -3.102602312998189049e+01
2.845105607962888783e+01 2.766921005937359013e+01 -3.157459047646112893e+01
2.908519187194888289e+01 2.708123777258279574e+01 -3.209964804959638940e+01
2.971410591371229160e+01 2.645355790812713437e+01 -3.261683145935099049e+01
3.036069880242021313e+01 2.583135833224624633e+01 -3.309399211650192285e+01
3.113794610753037162e+01 2.536623313396169266e+01 -3.345454354103468120e+01
3.204945410301932895e+01 2.504471579482454047e+01 -3.371391265047525110e+01
3.298349257887278441e+01 2.468061177188798183e+01 -3.398314004105753838e+01
3.392417850168886417e+01 2.444338123250017958e+01 -3.414423136092367628e+01
3.496182970566413672e+01 2.446079526494874656e+01 -3.413268983045867344e+01
3.597728277913981998e+01 2.447905898942128289e+01 -3.412015252360201600e+01
3.688764535272797218e+01 2.478814852070231467e+01 -3.390787233234210163e+01
3.774383395695561205e+01 2.520858056266058611e+01 -3.358365538669887940e+01
3.860912714306900284e+01 2.561786406660098692e+01 -3.325512212734353312e+01
3.942993514464639304e+01 2.608217139770011173e+01 -3.289645293422846350e+01
4.009160754165594653e+01 2.668254907391136399e+01 -3.243196869609186450e+01
4.071713328786082542e+01 2.728406052581025776e+01 -3.191793741456522326e+01
4.132147374063495704e+01 2.788711133872668313e+01 -3.138173777565533840e+01
4.186863145547230403e+01 2.852820923173283063e+01 -3.082644499979818420e+01
4.241603667898070285e+01 2.913328924560168431e+01 -3.023435433049899501e+01
4.287855155706165533e+01 2.976674706227056788e+01 -2.959855983777025656e+01
4.326875746091184283e+01 3.042720775582328940e+01 -2.894397610112772057e+01
4.365777560118364420e+01 3.105794369462772053e+01 -2.826008863448157271e+01
4.403471478665024108e+01 3.167346024547860139e+01 -2.755568583029870311e+01
4.435606437934477242e+01 3.230666709251124757e+01 -2.683884156421382627e+01
4.470231421087647306e+01 3.288991890660843609e+01 -2.609237304356882348e+01
4.499099250742757050e+01 3.349489895501291414e+01 -2.533775009769416542e+01
4.528356364346825558e+01 3.406540280464314918e+01 -2.455931962850961980e+01
4.553695254726247299e+01 3.461389480990775525e+01 -2.375087290091422787e+01
4.577648776778627848e+01 3.516471130356124775e+01 -2.294074145120151798e+01
4.597571103062839626e+01 3.570737681144799325e+01 -2.211459991333935804e+01
4.619567478685449657e+01 3.620038020993096239e+01 -2.126191504049970149e+01
4.637308540846712646e+01 3.670532419492116105e+01 -2.040675921330359444e+01
4.655370008148511829e+01 3.717169222836785281e+01 -1.953123649678391516e+01
4.672718097091491529e+01 3.761584727513229609e+01 -1.864194106971482512e+01
4.686578021413946260e+01 3.806713127561150856e+01 -1.775059488189793910e+01
4.702455357760234023e+01 3.845678984505502740e+01 -1.683347748120394627e+01
