-1.942534212251471004e+01 -3.947001161370860700e+01 -1.433350515469785513e+01
-1.950156088022938761e+01 -3.912613052718166529e+01 -1.528034593250957940e+01
-1.956941009629586503e+01 -3.873917693440536425e+01 -1.621080111325358430e+01
-1.965286852874659473e+01 -3.834406749764023914e+01 -1.713642277039994610e+01
-1.973926936193080905e+01 -3.792163740405902672e+01 -1.804991593346039735e+01
-1.982922153944125299e+01 -3.747572439518914678e+01 -1.895139822083048387e+01
-1.993661323635852867e+01 -3.701837176945868180e+01 -1.984577911874575307e+01
-2.004423138873305277e+01 -3.652401422234956385e+01 -2.071975378457491601e+01
-2.016308614068579175e+01 -3.602265347192856382e+01 -2.158835442676104321e+01
-2.029366460193397970e+01 -3.549751227192948733e+01 -2.244092260042624076e+01
-2.043909723570419956e+01 -3.495709306195074362e+01 -2.328168424475930820e+01
-2.057874139050775852e+01 -3.438539117591817273e+01 -2.410255408981485559e+01
-2.074726836887680292e+01 -3.380999945400427009e+01 -2.491509658946929306e+01
-2.091395628031501985e+01 -3.320647451101961423e+01 -2.570757999156186457e+01
-2.109361252673054565e+01 -3.258763615454857643e+01 -2.648489317884833127e+01
-2.129956095025192653e+01 -3.196053725271314860e+01 -2.724943148443351859e+01
-2.149862159696554187e+01 -3.130463044924219673e+01 -2.799090730604790878e+01
-2.173178454312096619e+01 -3.064619227826628389e+01 -2.872056136972747709e+01
-2.197991460914261808e+01 -2.996074922160185139e+01 -2.941982946438064417e+01
-2.227598353825838373e+01 -2.928395767031026153e+01 -3.010798888559993358e+01
-2.256643722625053528e+01 -2.857666686186206917e+01 -3.076789711458067700e+01
-2.289991110924963280e+01 -2.787412535508314093e+01 -3.141198812137873020e+01
-2.325274242072439890e+01 -2.716091714019139047e+01 -3.203345363241640342e+01
-2.362560007206973367e+01 -2.643528740107995034e+01 -3.262827636696022182e+01
-2.407726491733853180e+01 -2.572731302551996535e+01 -3.318941274818717346e+01
-2.457142668535846752e+01 -2.502631370623307205e+01 -3.372245892440156467e+01
-2.510201931243501861e+01 -2.433437923478673781e+01 -3.423106950320131148e+01
-2.567491373060464355e+01 -2.364957037143680552e+01 -3.470053722517659622e+01
-2.637090519640062425e+01 -2.304018495785455301e+01 -3.510777569495806461e+01
-2.708860223060373329e+01 -2.244626903685306019e+01 -3.549730013377800475e+01
-2.791057802746961869e+01 -2.195223631770500461e+01 -3.579641814867458294e+01
-2.878767137302731172e+01 -2.151296374968739400e+01 -3.606248349409091247e+01
-2.974398170376605677e+01 -2.124872546652749961e+01 -3.622326873301550876e+01
-3.072198284141794389e+01 -2.103567241555663614e+01 -3.635304686605605440e+01
-3.171945809386667037e+01 -2.094436038400757383e+01 -3.640366307914237609e+01
-3.273563470622109151e+01 -2.097970942754725243e+01 -3.638422302648210405e+01
-3.373423274693797680e+01 -2.113243474469931371e+01 -3.629558523803805770e+01
-3.471477583428668368e+01 -2.131793293962961755e+01 -3.618041459366704515e+01
-3.567054947422371214e+01 -2.160072353015431901e+01 -3.600855944217794757e+01
-3.661937649956702501e+01 -2.189297424361718925e+01 -3.583380820014500756e+01
-3.753278262114096719e+01 -2.226398455238394547e+01 -3.561394952425331439e+01
-3.842613821475995195e+01 -2.266047921942623944e+01 -3.535822026531264584e+01
-3.929827584115402317e+01 -2.308486887157053502e+01 -3.507483557206243319e+01
-4.015957212930447895e+01 -2.352408167065450328e+01 -3.478563996779728029e+01
-4.098419242816592600e+01 -2.400901642326703467e+01 -3.446085241889002049e+01
-4.179154466837801607e+01 -2.449948444700915928e+01 -3.410354178557655302e+01
-4.256151625129155036e+01 -2.503073395681961699e+01 -3.372331113325402185e+01
-4.330704489690698722e+01 -2.557469397294857316e+01 -3.331167024974271840e+01
-4.401468256336601570e+01 -2.613951376380974878e+01 -3.286571384366646953e+01
-4.467483906724832110e+01 -2.673838373711942396e+01 -3.238932109252152713e+01
-4.531595259630383055e+01 -2.733016424599319194e+01 -3.187996329156668907e+01
-4.589269934606302570e+01 -2.795882046624249995e+01 -3.133990253941515647e+01
-4.641168246584773982e+01 -2.859609816702201357e+01 -3.075288054350237488e+01
-4.693366384344844278e+01 -2.922609403535909323e+01 -3.016054788605346459e+01
-4.741596171158203532e+01 -2.985217291539286677e+01 -2.953247086900815077e+01
-4.782050546603308305e+01 -3.050175981266647440e+01 -2.887282474705365587e+01
-4.818407520734557892e+01 -3.113540651168906237e+01 -2.817541355615751542e+01
-4.856472831996480721e+01 -3.176169144014626156e+01 -2.748045827638345528e+01
-4.891619516735003259e+01 -3.236664569454056561e+01 -2.675228574348116695e+01
-4.921051475135636366e+01 -3.297859702501007462e+01 -2.600468803495416736e+01
-4.947216625611795848e+01 -3.357344216171323126e+01 -2.523107386288306486e+01
-4.971645737181422220e+01 -3.415148155719394651e+01 -2.444049581812493344e+01
-4.994750292824880944e+01 -3.471422881825373707e+01 -2.363401816004742884e+01
-5.016620195078066757e+01 -3.525922033297238301e+01 -2.281304816225100751e+01
-5.037071449625783259e+01 -3.578728617172487958e+01 -2.197649713914735514e+01
-5.056419885451469298e+01 -3.629617192023670924e+01 -2.112642686248192447e+01
-5.074598811476634097e+01 -3.678816549931516278e+01 -2.026298484279680423e+01
-5.091134110378207822e+01 -3.725087466418708715e+01 -1.938062861289180816e+01
-5.104330030902659843e+01 -3.770705861958665395e+01 -1.848948984313810229e+01
-5.117291605744139815e+01 -3.814103770864831944e+01 -1.758638781145264218e+01
-5.128150021863889663e+01 -3.854396940843193420e+01 -1.666701546626553210e+01
-5.139716331758953061e+01 -3.893789539357539553e+01 -1.574401270610815473e+01
-5.148826924002510452e+01 -3.929551697974920188e+01 -1.480405378518667447e+01
-5.158899957810332637e+01 -3.964657881689142016e+01 -1.386240910777629587e+01
-5.166586309057028359e+01 -3.995963383918812895e+01 -1.290521489996762661e+01
-5.174960126282761763e+01 -4.026367750399827372e+01 -1.194598626415002229e+01
-5.181590964598892413e+01 -4.053432160614698887e+01 -1.097502163241599149e+01
-5.188165521851291828e+01 -4.078765818328954396e+01 -9.999945184632863970e+00
-5.193930900248407312e+01 -4.101737108723220615e+01 -9.017912915632992465e+00
-5.198778671961916586e+01 -4.121804870936524878e+01 -8.029582478484476482e+00
-5.203622471977831765e+01 -4.140585850469668827e+01 -7.038279466670164908e+00
-5.206983649935433789e+01 -4.155469181691556457e+01 -6.039960504102385386e+00
-5.210661992836584488e+01 -4.169631514261206462e+01 -5.040727110437378755e+00
-5.212904835424078698e+01 -4.179795806584422735e+01 -4.035967518226640571e+00
-5.215206135633283679e+01 -4.188807154793731513e+01 -3.030572942500828315e+00
-5.216557558388413440e+01 -4.194751447752616969e+01 -2.022202669224875571e+00
-5.217416675228660239e+01 -4.198206702052474526e+01 -1.013142893098680997e+00
-5.217829445329537918e+01 -4.199997353142933321e+01 -3.180401343971697714e-03
-5.217382451022982792e+01 -4.197982066641319676e+01 1.006529985087064372e+00
-5.216672094875629995e+01 -4.195158466571506040e+01 2.016018978848291177e+00
-5.215111455019542319e+01 -4.188366641120494904e+01 3.023757709307358876e+00
-5.213168132378926600e+01 -4.180306535615837049e+01 4.030047558436109512e+00
-5.210503234887236346e+01 -4.169425160618360593e+01 5.034013167246886411e+00
-5.207351116671932800e+01 -4.155708000610971453e+01 6.033897759901591051e+00
-5.203453887628898400e+01 -4.140724102193690470e+01 7.032030610607907128e+00
-5.199137334020745271e+01 -4.121748359249569660e+01 8.023107186339711205e+00
-5.193975954411972396e+01 -4.102005707986445060e+01 9.012084796905106998e+00
-5.188312098950892448e+01 -4.078804243247831351e+01 9.993607339980666637e+00
-5.182026114613302781e+01 -4.053577183983882293e+01 1.096924466499887529e+01
-5.174757586271516629e+01 -4.026600610073420228e+01 1.193997536393605330e+01
-5.167349569423614497e+01 -3.996045938897019312e+01 1.289965567666613033e+01
-5.158501810512500185e+01 -3.964824087269328601e+01 1.385604029616852628e+01
-5.149510043238748125e+01 -3.929993911904382742e+01 1.479990409385962380e+01
-5.139518080049209914e+01 -3.893546723128951470e+01 1.573623349612816291e+01
-5.128389312782611853e+01 -3.855213880344891919e+01 1.666420014434324770e+01
-5.117159475389738077e+01 -3.813754550004112076e+01 1.757811786898728101e+01
-5.103987728454815453e+01 -3.771523921112282096e+01 1.848621367386954972e+01
-5.090435177887417240e+01 -3.725409581126779557e+01 1.937438047174226341e+01
-5.073849698234984373e+01 -3.679240554388454143e+01 2.025716181989863784e+01
-5.056490514966363037e+01 -3.629613659833867700e+01 2.111952568375598105e+01
-5.036767200438257674e+01 -3.579362498430440098e+01 2.197303376572598310e+01
-5.016932023483435898e+01 -3.525965248421642428e+01 2.280716079505941352e+01
-4.995069394004378438e+01 -3.471571944593707570e+01 2.362928657767142226e+01
-4.971312627238651771e+01 -3.415772934178595222e+01 2.443696539558659353e+01
-4.947302398392015732e+01 -3.357271846423586936e+01 2.522425061792861811e+01
-4.919979411412076331e+01 -3.298661514791117355e+01 2.600025257487778063e+01
-4.890265275843039916e+01 -3.237156353000089126e+01 2.674408662980919615e+01
-4.855053614140755514e+01 -3.176837862375124999e+01 2.747338265921359834e+01
-4.819713565529848154e+01 -3.113465370677138822e+01 2.817590493639955795e+01
-4.780331201150997344e+01 -3.050829040217976740e+01 2.886326849883083412e+01
-4.739736802419822226e+01 -2.986041100344784383e+01 2.952288007363077327e+01
-4.691965178835624073e+01 -2.923522001940001402e+01 3.015564319991727871e+01
-4.641874611476626455e+01 -2.859299101603664894e+01 3.075280777426996792e+01
-4.587618885805759561e+01 -2.796713638331789298e+01 3.133064893344396040e+01
-4.529946401945644396e+01 -2.733909303070044317e+01 3.187158617637762248e+01
-4.465775600702152559e+01 -2.674875695521508590e+01 3.238065021197254367e+01
-4.400243848786905687e+01 -2.614597449330538126e+01 3.285681421895569088e+01
-4.329667337482987932e+01 -2.558020387600225121e+01 3.330625566329965181e+01
-4.255397167802529168e+01 -2.503294731656078298e+01 3.371736178334532497e+01
-4.178193074894176107e+01 -2.450571034612810095e+01 3.409901639702822251e+01
-4.097702580611336742e+01 -2.401310520434803664e+01 3.445800651129266612e+01
-4.015576044121895194e+01 -2.352439969336922232e+01 3.478407616478271080e+01
-3.930510931240421968e+01 -2.307090462657085794e+01 3.508560728510543214e+01
-3.843344201432248042e+01 -2.264594555692005784e+01 3.536794447542690278e+01
-3.753224854044825065e+01 -2.226190659875836886e+01 3.561267377413373225e+01
-3.662087539417341731e+01 -2.188738530316652842e+01 3.583530287339021925e+01
-3.567691436206412448e+01 -2.158110393465760879e+01 3.602114209611499973e+01
-3.472199238403511856e+01 -2.129740203129961884e+01 3.619298604393110708e+01
-3.373235775794226754e+01 -2.112731050855120074e+01 3.629721420912392915e+01
-3.273930552855840403e+01 -2.096917773510086391e+01 3.639001114345175125e+01
-3.173291202059924387e+01 -2.095116403500344049e+01 3.639992962694061873e+01
-3.072569839664705071e+01 -2.102834221578534724e+01 3.635736876726264200e+01
-2.973148815135920486e+01 -2.122046954549099240e+01 3.624292760968232585e+01
-2.879928177344260831e+01 -2.150985444022970228e+01 3.606365003478275355e+01
-2.793509366787356640e+01 -2.196652300454375606e+01 3.578772099377128058e+01
-2.709137816187512371e+01 -2.243345235242940916e+01 3.550531179017748684e+01
-2.636372055268180858e+01 -2.302989037283503393e+01 3.512102817661254761e+01
-2.566795887972187273e+01 -2.363401236662455673e+01 3.471095365452617898e+01
-2.511918643051794220e+01 -2.432662795273472867e+01 3.422806764810080438e+01
-2.459276563991956266e+01 -2.502722361505827564e+01 3.372590963566534583e+01
-2.407761217649129648e+01 -2.571858884721210003e+01 3.319958005568970094e+01
-2.362281568885458327e+01 -2.642410052105146434e+01 3.263747882901543562e+01
-2.326825136666475657e+01 -2.715141228020520003e+01 3.203379716294471535e+01
-2.290551372267060870e+01 -2.786812040872282381e+01 3.142099968107467944e+01
-2.258972368691143373e+01 -2.857435332419607477e+01 3.077280662034728564e+01
-2.227524637603210067e+01 -2.927357782948216069e+01 3.011508843021375981e+01
-2.197740109105421169e+01 -2.995331635880017274e+01 2.943088353341727981e+01
-2.172657622662037369e+01 -3.063612521627723240e+01 2.872962672118201866e+01
-2.150772595331548942e+01 -3.130073645995970821e+01 2.800087077252605994e+01
-2.130071314355660661e+01 -3.194994171733949884e+01 2.725618767685104515e+01
-2.110591013307368868e+01 -3.258422985049065801e+01 2.649450296687622597e+01
-2.092426136339926757e+01 -3.320032821171276538e+01 2.571589627401780831e+01
-2.074977829694692844e+01 -3.380186133079527622e+01 2.492337855708028016e+01
-2.059206267569915383e+01 -3.438214309048493789e+01 2.411256036760782351e+01
-2.043477773457417257e+01 -3.494916129138778871e+01 2.329153507570473280e+01
-2.029953551411845680e+01 -3.549066111239647370e+01 2.245008156802386168e+01
-2.015829201870372600e+01 -3.602044053395107426e+01 2.160181944278897603e+01
-2.003959253430526388e+01 -3.651715135809540413e+01 2.073045628287234976e+01
-1.993501297077633438e+01 -3.700640041211409681e+01 1.985301523644366384e+01
-1.982667970165199733e+01 -3.747675437319335856e+01 1.896554619738279612e+01
-1.974273762476374117e+01 -3.791347175367111788e+01 1.805878977116017836e+01
-1.964899497615692781e+01 -3.834054875551571229e+01 1.714838825898739572e+01
-1.957503057568111871e+01 -3.873556547821744545e+01 1.622168400242383868e+01
-1.949773404561214463e+01 -3.911539911957363813e+01 1.528936776281275201e+01
-1.943014891040847658e+01 -3.947047455568602459e+01 1.434606471172542363e+01
-1.936914736902978618e+01 -3.980033792148877581e+01 1.339382034632698115e+01
-1.930719562187665872e+01 -4.011546955277001558e+01 1.243606436257390158e+01
-1.926005293072449831e+01 -4.039515456139301364e+01 1.146696522158912934e+01
-1.920574303754665380e+01 -4.066745733107337202e+01 1.049585387836405204e+01
-1.916864718364477227e+01 -4.089945835105862670e+01 9.513565510829970151e+00
-1.912534891265788772e+01 -4.112322135510466126e+01 8.529841274623302994e+00
-1.909458245778472474e+01 -4.131182236309946632e+01 7.537924697501868110e+00
-1.906388892747128239e+01 -4.148229409397006151e+01 6.543262589304777777e+00
-1.903819989918011402e+01 -4.162993052844137765e+01 5.544259282782405762e+00
-1.901929251980645219e+01 -4.174566996437017252e+01 4.541371444203085694e+00
-1.899992622693508793e+01 -4.185074149900140128e+01 3.536975241710104800e+00
-1.899039990966300451e+01 -4.191470036008372091e+01 2.529073762635644318e+00
-1.897966186404430289e+01 -4.197134627490441261e+01 1.520896229016208467e+00
-1.897709544873325527e+01 -4.199036831107126488e+01 5.109210499699077257e-01
-1.897612602410480420e+01 -4.199242414554024805e+01 -4.987393466447855306e-01
-1.898035359615523276e+01 -4.197051397759555158e+01 -1.508674432185676650e+00
-1.898848060141018124e+01 -4.191633018837569580e+01 -2.516942540180453936e+00
-1.900069310860799732e+01 -4.185184361492111549e+01 -3.524851465336406697e+00
-1.901693097169325597e+01 -4.174615540404868597e+01 -4.529187081082834077e+00
-1.903774556142454344e+01 -4.163221706995135918e+01 -5.532314392652204482e+00
-1.906266012177497160e+01 -4.148356211932882331e+01 -6.531172437792702290e+00
-1.909122663897733574e+01 -4.131402269116156134e+01 -7.526099750292039481e+00
-1.912646448655335263e+01 -4.112586995380510757e+01 -8.517945910630672302e+00
-1.916220168491856057e+01 -4.090168833045273544e+01 -9.501936900501451788e+00
-1.920803813079960065e+01 -4.067029052841521519e+01 -1.048396677955710388e+01
-1.925326199673952488e+01 -4.039986733917515238e+01 -1.145611443186426470e+01
-1.930700791159430096e+01 -4.011670657943326290e+01 -1.242384112547561870e+01
-1.936474454844737281e+01 -3.980598820772077318e+01 -1.338323897358312564e+01
-1.942534212251471359e+01 -3.947001161370861411e+01 -1.433350515469785691e+01
