5.064330936267423766e+01 3.820906370642367733e+01 -1.740594162429367486e+01
5.071106961778855293e+01 3.866085024425698435e+01 -1.650273998078890969e+01
5.081856618615640997e+01 3.901344056922629022e+01 -1.556567734442871043e+01
5.091109167994947882e+01 3.936050366411291179e+01 -1.462380405152062934e+01
5.098026231981950218e+01 3.971361443590142670e+01 -1.368175810281294424e+01
5.105512347223369574e+01 4.001852918376292934e+01 -1.272452076840494328e+01
5.111945065868906823e+01 4.031547332971098285e+01 -1.176285963850896188e+01
5.117384941855547709e+01 4.059551896104196800e+01 -1.079620110333263128e+01
5.122533329818564596e+01 4.082119070469979505e+01 -9.815479669539220353e+00
5.127663774218787296e+01 4.104041491507189932e+01 -8.833055034213511902e+00
5.131940589281504828e+01 4.126035686797011692e+01 -7.850459853657028475e+00
5.135512266550588834e+01 4.143747532765914343e+01 -6.859388492389737912e+00
5.139053999145240681e+01 4.157810357387434408e+01 -5.861325719109085952e+00
5.141516402329801849e+01 4.172315600647668532e+01 -4.864338050297160265e+00
5.143764424032252691e+01 4.181601873796938662e+01 -3.861002175424044225e+00
5.145610480569344247e+01 4.189645114292032702e+01 -2.855884790044487254e+00
5.146737528531563299e+01 4.196240945928372668e+01 -1.850819436698414755e+00
5.147414969113489747e+01 4.198019430489946302e+01 -8.426164474301878204e-01
5.147926570429756765e+01 4.200303098027624316e+01 1.652171237975391394e-01
5.147497039300790789e+01 4.198095780116199904e+01 1.172485082907432252e+00
5.146729763580707129e+01 4.193268388247808787e+01 2.179885371709127995e+00
5.145947587838357862e+01 4.188440128029556320e+01 3.186211984789547813e+00
5.143803825864465296e+01 4.178252238512183681e+01 4.188916271563589255e+00
5.142002796065151671e+01 4.167578088477310416e+01 5.191499122052088744e+00
5.139457802569779687e+01 4.154440247025360833e+01 6.189857662052103748e+00
5.135735384777645152e+01 4.137139578826465680e+01 7.182767790216392889e+00
5.133082711083854122e+01 4.120480173328236617e+01 8.176703032448259023e+00
5.129204041901692079e+01 4.100750447162457135e+01 9.164940570763466354e+00
5.123959951507331567e+01 4.076485656162429194e+01 1.014256552775871789e+01
5.118695777867097974e+01 4.049529338928438449e+01 1.111277127457925573e+01
5.113709036730352864e+01 4.022859712519361608e+01 1.208428720824968039e+01
5.106117963956248929e+01 3.992212628328934443e+01 1.304071710332074119e+01
5.098609514769164264e+01 3.959247011872601263e+01 1.399080823278606722e+01
5.092288811144311467e+01 3.925790501407595201e+01 1.493986805434833443e+01
5.082087510245288087e+01 3.887558122100706015e+01 1.586610514786060833e+01
5.073751406549884990e+01 3.848852065924623389e+01 1.679385747222892888e+01
5.065108467221850219e+01 3.808475140607605880e+01 1.771291313851466498e+01
5.052148441157905978e+01 3.763530348351697796e+01 1.860548382600278572e+01
5.042596592817498191e+01 3.718974567581047808e+01 1.950540279837997559e+01
5.030740393875925065e+01 3.671721595206397382e+01 2.038648559636205704e+01
5.015434334825440033e+01 3.620878214219894886e+01 2.124345893586312428e+01
5.004158239849542866e+01 3.570513775951049240e+01 2.210983211754300370e+01
4.988474871198836524e+01 3.516813417446179812e+01 2.294659105564590362e+01
4.970841413083991966e+01 3.460595947488432955e+01 2.376492688473294734e+01
4.957246663358412775e+01 3.404616475079697580e+01 2.459206811531027626e+01
4.937581752445458960e+01 3.345207462916910401e+01 2.538089158281151825e+01
4.917047750088935487e+01 3.283961354285573009e+01 2.615549549575092669e+01
4.900370655309835399e+01 3.222675404318857773e+01 2.693743037714274990e+01
4.876725590887687645e+01 3.158316241418098613e+01 2.767571334742436306e+01
4.852564041532946248e+01 3.092519259981353130e+01 2.840161300457549487e+01
4.829931310777963915e+01 3.025241083124920749e+01 2.911578245945714727e+01
4.803032797461019499e+01 2.956703683760684598e+01 2.980713965980341484e+01
4.773847630040884837e+01 2.888660634146136630e+01 3.048941574733103366e+01
4.737621976065148743e+01 2.818584214662625342e+01 3.111563518746578794e+01
4.705145845023726281e+01 2.747226324171615275e+01 3.175040956200980347e+01
4.672723089134958485e+01 2.675361222545462425e+01 3.237672664197064876e+01
4.632288662220167197e+01 2.603106396298393221e+01 3.294917847108719400e+01
4.589783167871177483e+01 2.530151216677938564e+01 3.350218516981665573e+01
4.551543722633330447e+01 2.456069408646891006e+01 3.406823908782542532e+01
4.502101977506493569e+01 2.383147487136799825e+01 3.455807456229324259e+01
4.448394825687827137e+01 2.313159382676984421e+01 3.504344740005416980e+01
4.392663202560992630e+01 2.242978438769612026e+01 3.550938144341495928e+01
4.335373378890392360e+01 2.171386592192716591e+01 3.594135963783881493e+01
4.272696340745997645e+01 2.103030602939626803e+01 3.633570377260872419e+01
4.200654244292626061e+01 2.042816410822202045e+01 3.669152457176803495e+01
4.124493317680497029e+01 1.984045115579943896e+01 3.701903647260292018e+01
4.047046317210250521e+01 1.925157065329940664e+01 3.731571213761167627e+01
3.964478140230686876e+01 1.874452799917302670e+01 3.756411517322057847e+01
3.873857568652431382e+01 1.838101340033416875e+01 3.775297944223108715e+01
3.778752541148500654e+01 1.807616980781795490e+01 3.791190247731566387e+01
3.684655461743614069e+01 1.771316166389910762e+01 3.807658568973577928e+01
3.584610432637246902e+01 1.762025628404496658e+01 3.811650200384304554e+01
3.483189629340819238e+01 1.751185010426205579e+01 3.816358688169908220e+01
3.383302364070000579e+01 1.750814965277379542e+01 3.816493042022636217e+01
3.286100215535849856e+01 1.774497110606860772e+01 3.806356070658846136e+01
3.189912064145366699e+01 1.801482918913536224e+01 3.793785573756314022e+01
3.093707976057764952e+01 1.828368174305397531e+01 3.779839132383092704e+01
3.004734422272742123e+01 1.869684323916097668e+01 3.758598277875718452e+01
2.925269153201486105e+01 1.926213066763807191e+01 3.730190083871620033e+01
2.849157961921828175e+01 1.985571404662675832e+01 3.700997791409061932e+01
2.772232060655739971e+01 2.042105298877415009e+01 3.669397753177607768e+01
2.706250459337086767e+01 2.107778473799073282e+01 3.630271426114626365e+01
2.649591737164661254e+01 2.179812632057107891e+01 3.588313682945880601e+01
2.597150212325215435e+01 2.253647580681153428e+01 3.544123237527406900e+01
2.541349812069280745e+01 2.322821130994402239e+01 3.496851906802249488e+01
2.495237278420416160e+01 2.397082702604326698e+01 3.446528373318196259e+01
2.453693214073182816e+01 2.472902898497352808e+01 3.394944869442557689e+01
2.413464074635569290e+01 2.546409707102487729e+01 3.338850308187384996e+01
2.376055443015181012e+01 2.619717147513469158e+01 3.280861210362805025e+01
2.345912276362212623e+01 2.695030593417142484e+01 3.221084751041046701e+01
2.310798173993573812e+01 2.765577094801241387e+01 3.158258841748323320e+01
2.285276577109365093e+01 2.839427902976369822e+01 3.094513167295427181e+01
2.256115001783017249e+01 2.909008252028705499e+01 3.027771569379137873e+01
2.231516543296243071e+01 2.979048959787126805e+01 2.959621397976560075e+01
2.209577405957610452e+01 3.048390470420422815e+01 2.889752470837674281e+01
2.187196592924152938e+01 3.113548479037158856e+01 2.816205030103251516e+01
2.164585060138132278e+01 3.178450195526674449e+01 2.742427835580087958e+01
2.148102890925427388e+01 3.244085970984152567e+01 2.667848289386457594e+01
2.128789078185855388e+01 3.305068398044687683e+01 2.589952233338894771e+01
2.111711312680822772e+01 3.365227864508725020e+01 2.510904863961190969e+01
2.097983499889503634e+01 3.424809153676428508e+01 2.430865054176556939e+01
2.081102209518913781e+01 3.479885429680069109e+01 2.348102295851971633e+01
2.069836645678666187e+01 3.536425735623507194e+01 2.265419055871961973e+01
2.056017850116683476e+01 3.588257078911305342e+01 2.180150040994027449e+01
2.044039366873352748e+01 3.639185925858219406e+01 2.093980421014656912e+01
2.034452741620181015e+01 3.689206403907188303e+01 2.007060474355518309e+01
2.022362203035087447e+01 3.734332702389012582e+01 1.917734072815578372e+01
2.014350325519090035e+01 3.780739012970656177e+01 1.828583020997375996e+01
2.004872988414372159e+01 3.822484722539356028e+01 1.737412260424287425e+01
1.996385134611827539e+01 3.862850204357670947e+01 1.645409778010001745e+01
1.989856790329832137e+01 3.902423708310847417e+01 1.552967655983669459e+01
1.981591229055488057e+01 3.936688750382311497e+01 1.458544360631600512e+01
1.975931203344774900e+01 3.971968700804185914e+01 1.364247779463921439e+01
1.969903092884413454e+01 4.003043532533521187e+01 1.268631531209164898e+01
1.964104976439736916e+01 4.031824226871621875e+01 1.172167484772518797e+01
1.959866968878676374e+01 4.060231723338810639e+01 1.075554298702577505e+01
1.954846011502924696e+01 4.083108960576319646e+01 9.775473094936959484e+00
1.951128675676413593e+01 4.106542613752030491e+01 8.795282411891960805e+00
1.947811343237012593e+01 4.126621074114832055e+01 7.808734087645905042e+00
1.944452442160047312e+01 4.143099425700946625e+01 6.814587669696482664e+00
1.942050316241405383e+01 4.159805070650693182e+01 5.820648256149008049e+00
1.939854570330475170e+01 4.171106404372874721e+01 4.819826498477576493e+00
1.937988937334759498e+01 4.182103217642328019e+01 3.817458649237981838e+00
1.936734370934648553e+01 4.190881339215579970e+01 2.813804111542993258e+00
1.935913011050136134e+01 4.194831501633061777e+01 1.806565399307917597e+00
1.935159544682188582e+01 4.199411047467296498e+01 7.992147438057766173e-01
1.935349917628716909e+01 4.199359818756194329e+01 -2.080163998137763981e-01
1.935611176983056581e+01 4.197388475441735523e+01 -1.216304936483862509e+00
1.936010438938112443e+01 4.194565034452011787e+01 -2.223814027590902409e+00
1.937822661852390382e+01 4.186287842172419005e+01 -3.227890261389391391e+00
1.938872869945097932e+01 4.178357612523986830e+01 -4.233315259816215814e+00
1.940852648516803569e+01 4.167320808799445331e+01 -5.234374170751706856e+00
1.943896263194362461e+01 4.152219736187457499e+01 -6.230743583754698278e+00
1.945891479595724149e+01 4.137544824575124380e+01 -7.228140828459283185e+00
1.950051093314154116e+01 4.117905344262468503e+01 -8.215101490566320663e+00
1.953670771552134156e+01 4.097016362022942104e+01 -9.201098593142058135e+00
1.957091965189196259e+01 4.074960214094517141e+01 -1.018380793293251685e+01
1.963316772284299461e+01 4.047599719365785376e+01 -1.115162245352694548e+01
1.967476396333061217e+01 4.020745190423867399e+01 -1.212293361739879671e+01
1.973120407119974473e+01 3.990816017868139909e+01 -1.308285259052556704e+01
1.980710414937660957e+01 3.956952051024542527e+01 -1.402940461008990525e+01
1.985855384532709067e+01 3.923677968298778751e+01 -1.497987048531488874e+01
1.994435842097134426e+01 3.885873672020629499e+01 -1.590919997502343186e+01
2.002724677762494920e+01 3.846298248734180447e+01 -1.683296838271857254e+01
2.009572154971313296e+01 3.806289341995887554e+01 -1.775531075541330495e+01
2.021123528628141131e+01 3.761319155284841997e+01 -1.864942864575970560e+01
2.030058328897022690e+01 3.716186400831645642e+01 -1.954680026794228809e+01
2.039618017595523014e+01 3.669277031215364815e+01 -2.043263325908812433e+01
2.053668271980262716e+01 3.618091090753281236e+01 -2.128970781450083649e+01
2.063623408945165494e+01 3.567384454012885442e+01 -2.215555713692766204e+01
2.076705217742702914e+01 3.513826730056680248e+01 -2.299771892892926317e+01
2.092949830493444807e+01 3.457131566156459002e+01 -2.381584453459337780e+01
2.104590888458224995e+01 3.400884162659620102e+01 -2.464416011671318074e+01
2.121486778232224779e+01 3.341297029369850691e+01 -2.543806398559049242e+01
2.140132465674783546e+01 3.279547694385568946e+01 -2.621379180000871401e+01
2.154373504417864993e+01 3.217761715402568967e+01 -2.699653397781804998e+01
2.174238893210232249e+01 3.152198881718064527e+01 -2.773474730147901468e+01
2.195378557684551879e+01 3.086394254256194358e+01 -2.847086239613685876e+01
2.220729308958509662e+01 3.019227228719654121e+01 -2.917737649649282972e+01
2.243416752948246895e+01 2.950543634217894251e+01 -2.988152624259847912e+01
2.268411977318401540e+01 2.880839278535328063e+01 -3.056371652283365847e+01
2.301109707232393120e+01 2.809488387570279855e+01 -3.119554407888811198e+01
2.329228711726520373e+01 2.737166081508685878e+01 -3.183993772455325200e+01
2.358164579635475988e+01 2.664140156389575509e+01 -3.246921815121330468e+01
2.395411623942305468e+01 2.590353242363588748e+01 -3.304544025202660862e+01
2.432570232578549252e+01 2.515710932364140717e+01 -3.361350535150899077e+01
2.466425091245507772e+01 2.439787902277040388e+01 -3.418212784735587206e+01
2.511946750422741559e+01 2.365043329128266691e+01 -3.468139755113142542e+01
2.562771074104311708e+01 2.293527477032353801e+01 -3.517460751855885093e+01
2.614371907185241994e+01 2.220445257962195384e+01 -3.565223758869708348e+01
2.666751460588031719e+01 2.145425377209103956e+01 -3.610145977429295527e+01
2.725451241525671264e+01 2.074181924421813150e+01 -3.651053418308914900e+01
2.796004513764711419e+01 2.012367322460308117e+01 -3.686888180848890073e+01
2.871189679945515749e+01 1.951106385445780944e+01 -3.719883285792013794e+01
2.948655199380606362e+01 1.891095085348093008e+01 -3.749620062985448499e+01
3.031942224342893155e+01 1.840917793776364064e+01 -3.773751500937997605e+01
3.124202639653612934e+01 1.808110304005641922e+01 -3.790284700421592134e+01
3.221165326543908947e+01 1.780276143013880841e+01 -3.803952134865331658e+01
3.317189633567113560e+01 1.749040271323720575e+01 -3.817409662203984766e+01
3.416509884778765382e+01 1.744851582057741979e+01 -3.819062207213702465e+01
3.518459229340261629e+01 1.745629632421440292e+01 -3.818766505607312212e+01
3.618981506702952089e+01 1.750028867712655511e+01 -3.816845017578306454e+01
3.714713294289726520e+01 1.777023960020867221e+01 -3.805209049262191456e+01
3.808035028370846220e+01 1.811310448292678998e+01 -3.789002126010726101e+01
3.901442015314635370e+01 1.844944966085908789e+01 -3.771371132806293502e+01
3.989854338342322393e+01 1.887796995903241282e+01 -3.749475751793743683e+01
4.069151582523859645e+01 1.943585888132429318e+01 -3.721251424289341969e+01
4.143414129375885580e+01 2.004545223496797490e+01 -3.690764162527865722e+01
4.219503486210894039e+01 2.061686276022254560e+01 -3.657799549470263401e+01
4.287428592081261058e+01 2.125958288449849221e+01 -3.619679157200003772e+01
4.348028276180370000e+01 2.195250273427856413e+01 -3.579060571358115794e+01
4.403012733197583373e+01 2.267424639695799016e+01 -3.535167546705739738e+01
4.460792305570307548e+01 2.335273842401848299e+01 -3.488342744613687074e+01
4.509131958405843932e+01 2.408430935658762095e+01 -3.438701311071325506e+01
4.555050554766553006e+01 2.482576244648399921e+01 -3.388172580404981460e+01
4.599769753006786033e+01 2.554155270804307065e+01 -3.332908349555692240e+01
4.640728803137064773e+01 2.626238858621589500e+01 -3.275803297030005723e+01
4.675326003372476436e+01 2.700140986551073397e+01 -3.216693701630148183e+01
4.713714087424650501e+01 2.769667197767516953e+01 -3.154673915898063541e+01
4.742902486914167071e+01 2.842686696117365841e+01 -3.091547802195784200e+01
4.775732240402322759e+01 2.911275412027626075e+01 -3.025468797178671920e+01
4.803262981364533601e+01 2.979650744315168254e+01 -2.956869868586424133e+01
4.829467516403661875e+01 3.048666806986095779e+01 -2.888099634588458997e+01
4.853426449138926557e+01 3.115647409081287833e+01 -2.816793948607606168e+01
4.879542691567640134e+01 3.178868707583855624e+01 -2.742612537296270858e+01
4.898581349231312743e+01 3.243883001194603111e+01 -2.668037993453973300e+01
4.920925763350795989e+01 3.304257754205021769e+01 -2.590473526343240351e+01
4.939762190524105279e+01 3.364599965079342780e+01 -2.511983413243295615e+01
4.956437748447578429e+01 3.423640024707233209e+01 -2.432104436995610897e+01
4.975240703746494120e+01 3.478715246728545907e+01 -2.349781081154546314e+01
4.988555239268207941e+01 3.535275099248924136e+01 -2.267403584756222656e+01
5.004789059563540832e+01 3.586648939344256348e+01 -2.182269433134218772e+01
5.017999689274284236e+01 3.638108935684136469e+01 -2.096591054991451841e+01
5.029903636446651660e+01 3.687683111481754139e+01 -2.009703117332460920e+01
5.043392879909011128e+01 3.733033678019427271e+01 -1.920697302959886343e+01
5.053211564777866727e+01 3.779290114146057533e+01 -1.831656462086883863e+01
5.064330936267423056e+01 3.820906370642367733e+01 -1.740594162429367842e+01
