-1.682197214500443039e+01 -3.710137601523921802e+01 1.965174729975451129e+01
-1.679568163993321761e+01 -3.760105177939365007e+01 1.877281982401210314e+01
-1.671405316875868508e+01 -3.801341708858699775e+01 1.785790121735349345e+01
-1.664830795442042444e+01 -3.841907321093401606e+01 1.693765845311986951e+01
-1.660979652093339354e+01 -3.882863031334721882e+01 1.601722507868059964e+01
-1.655449237708379329e+01 -3.918851658733482424e+01 1.507818407836240837e+01
-1.651260004898948353e+01 -3.954258401091338726e+01 1.413506706995053541e+01
-1.648043016964538054e+01 -3.987998572643219575e+01 1.318622639676731723e+01
-1.643490516161594428e+01 -4.016871597554259665e+01 1.222180930115829334e+01
-1.640848842403576313e+01 -4.046435764948309100e+01 1.125818746520867286e+01
-1.637754674060359505e+01 -4.071666433858512590e+01 1.028369350282368266e+01
-1.634843945534667498e+01 -4.094876953380528306e+01 9.302976794264022686e+00
-1.632950393145499390e+01 -4.117314384018355611e+01 8.320629754866457617e+00
-1.630472231341645184e+01 -4.134451462326254756e+01 7.328116694022833499e+00
-1.628805606489041935e+01 -4.151923848942784190e+01 6.335122108894958082e+00
-1.627444791932694557e+01 -4.166127434632630866e+01 5.338020719674576142e+00
-1.625999417855269513e+01 -4.176657553680202994e+01 4.335554733807897243e+00
-1.625086845821633830e+01 -4.187291569388246870e+01 3.333130163281509795e+00
-1.624486489311178872e+01 -4.192754703999001009e+01 2.327390481806790756e+00
-1.623892995173848419e+01 -4.197614482736001662e+01 1.320174645072708319e+00
-1.623700363046273765e+01 -4.200449389173701320e+01 3.130395862799651430e-01
-1.624024581137804901e+01 -4.198407214553827060e+01 -6.945397616970766519e-01
-1.624020335520198444e+01 -4.196841254523550901e+01 -1.702757101129497075e+00
-1.624897891204841471e+01 -4.191047252263649625e+01 -2.708165111024438243e+00
-1.625817462151267279e+01 -4.182848793661192133e+01 -3.713049513291111214e+00
-1.626498349492688433e+01 -4.174033973847284784e+01 -4.717075345557953270e+00
-1.628680369392115779e+01 -4.159926302819194888e+01 -5.714278876109347927e+00
-1.629856762499945688e+01 -4.145830203640747413e+01 -6.712780857363412679e+00
-1.631662861168246081e+01 -4.129060357416274485e+01 -7.705875673691737759e+00
-1.634746071651723653e+01 -4.107952441679368150e+01 -8.690961347927029124e+00
-1.636353334035784357e+01 -4.087274107416894964e+01 -9.677712889524912043e+00
-1.639993660146986088e+01 -4.062044729895707462e+01 -1.065189963482996127e+01
-1.643198584371143767e+01 -4.035108677793660803e+01 -1.162303997133379596e+01
-1.645725704749444063e+01 -4.007273668424856794e+01 -1.259130065144749722e+01
-1.651178783649895010e+01 -3.974292135007523541e+01 -1.354157936645351512e+01
-1.654345937373689068e+01 -3.941544170819064163e+01 -1.449491154243515467e+01
-1.658609451078245556e+01 -3.906093250712035569e+01 -1.543657232149301350e+01
-1.665098656068808225e+01 -3.866578945567643188e+01 -1.636149341767145771e+01
-1.668700161906574664e+01 -3.827580176687923341e+01 -1.729067899785662377e+01
-1.675642843689967521e+01 -3.784351177022274726e+01 -1.819723376618989974e+01
-1.682187166632791531e+01 -3.739284152463102373e+01 -1.909669761789808362e+01
-1.686998075418541632e+01 -3.693716924492408538e+01 -1.999426278762142317e+01
-1.696688907139695957e+01 -3.643381005073317169e+01 -2.086127010408804594e+01
-1.703089432530122593e+01 -3.592965337950825244e+01 -2.173221214996707218e+01
-1.710246879890532412e+01 -3.540641287613912169e+01 -2.258945375856841054e+01
-1.721935255291000999e+01 -3.484237889727334903e+01 -2.341645630341991335e+01
-1.728686006002423170e+01 -3.428370857646993386e+01 -2.425317623749933205e+01
-1.739311829269142606e+01 -3.369442019607794947e+01 -2.506199001455084385e+01
-1.752189389115565632e+01 -3.307805647743403910e+01 -2.584923495043499386e+01
-1.760148757074464498e+01 -3.246453978626018255e+01 -2.664495025849877763e+01
-1.774657427235024798e+01 -3.181564840751979872e+01 -2.740092631638532339e+01
-1.788651606427447760e+01 -3.115116094633960131e+01 -2.814601623468167091e+01
-1.799047741126378952e+01 -3.048392738498212751e+01 -2.889309064679129690e+01
-1.817237069461700827e+01 -2.978409950605556489e+01 -2.959511317518397178e+01
-1.832867369200661756e+01 -2.907450174966134071e+01 -3.029385696014805163e+01
-1.846910512023357143e+01 -2.835729855118216491e+01 -3.098543722888184249e+01
-1.868688289323552709e+01 -2.761420087068677987e+01 -3.163227414192362730e+01
-1.886819040148232673e+01 -2.686375915280516580e+01 -3.228061199716804452e+01
-1.907624564172541426e+01 -2.608844410180497064e+01 -3.288967581355590397e+01
-1.927361298188707295e+01 -2.531317576532234881e+01 -3.350578620466742308e+01
-1.952996114702439456e+01 -2.453321024218049473e+01 -3.408516641577340778e+01
-1.981647170637156563e+01 -2.373467411797034643e+01 -3.462951853935132362e+01
-2.004431106324219769e+01 -2.292516867786473611e+01 -3.518723044853920356e+01
-2.034946475479882366e+01 -2.211639829587968720e+01 -3.569926829433923388e+01
-2.071849377810368509e+01 -2.130504508305436673e+01 -3.617181416662848648e+01
-2.101137608161915082e+01 -2.047621468624213037e+01 -3.666520805850779396e+01
-2.134677079007266087e+01 -1.964450578897579192e+01 -3.711849541412596665e+01
-2.176775540728047531e+01 -1.882232390188556792e+01 -3.752596560927248959e+01
-2.221289902502477176e+01 -1.801489412605651452e+01 -3.793804523177018240e+01
-2.276543065164570123e+01 -1.724601058535482068e+01 -3.827945517929178010e+01
-2.330112724138944813e+01 -1.646344474121685053e+01 -3.862119272493261235e+01
-2.381514640245390879e+01 -1.566863070899889010e+01 -3.896689621095791267e+01
-2.439935067273204439e+01 -1.490032209497973348e+01 -3.925782012292813050e+01
-2.507585212363359872e+01 -1.419640675896603454e+01 -3.950600510077978811e+01
-2.582208041060524906e+01 -1.356397479113068449e+01 -3.974029783826551210e+01
-2.660210537065360725e+01 -1.295556738761555238e+01 -3.995178457942214578e+01
-2.740080129370150175e+01 -1.235889492304644044e+01 -4.012761749820848678e+01
-2.827792112793266099e+01 -1.189894554604360621e+01 -4.025649887363749713e+01
-2.922257115792541526e+01 -1.155553098620462293e+01 -4.035732767201256621e+01
-3.014747747607408002e+01 -1.115769992487360796e+01 -4.047318635774171725e+01
-3.107640829292090601e+01 -1.080874683299259331e+01 -4.057600746231896949e+01
-3.206491168416906135e+01 -1.064958810715596016e+01 -4.062700315884448798e+01
-3.307544200798287193e+01 -1.053347320380395225e+01 -4.065991252240664267e+01
-3.407758485624693634e+01 -1.044204462739193850e+01 -4.068117016997798885e+01
-3.508438504682853676e+01 -1.047459869051131420e+01 -4.067247034630317160e+01
-3.609154797771206091e+01 -1.050963176691129952e+01 -4.066181430538593844e+01
-3.709469596008410264e+01 -1.058019334879236695e+01 -4.064120896034533104e+01
-3.807865496136570727e+01 -1.079649240393390386e+01 -4.057836299469919084e+01
-3.905132675814802923e+01 -1.106666323752918579e+01 -4.049987500528386875e+01
-4.001224055633741017e+01 -1.135775380195141260e+01 -4.041526898346674557e+01
-4.093939248500651473e+01 -1.173845317244318309e+01 -4.030469974491283125e+01
-4.182483542127374676e+01 -1.219813601073461840e+01 -4.017139898470322379e+01
-4.270986798360137016e+01 -1.266382984194840411e+01 -4.003575604400788279e+01
-4.350891275603254371e+01 -1.325111640534506385e+01 -3.985498276760999659e+01
-4.433669835304011997e+01 -1.378844850285198831e+01 -3.965329184213669578e+01
-4.505275485662443913e+01 -1.445194286305185294e+01 -3.941322063877451143e+01
-4.578270600274887414e+01 -1.510822289687887299e+01 -3.917770231157164318e+01
-4.640537622920977867e+01 -1.584745687311352924e+01 -3.889294276305195552e+01
-4.707437982658382936e+01 -1.653432099434160207e+01 -3.858627687941630313e+01
-4.758925574781383006e+01 -1.733333948337589092e+01 -3.825233088978778540e+01
-4.813825099577694999e+01 -1.809810886901544436e+01 -3.789284959003438047e+01
-4.862886269774883630e+01 -1.888425694870226934e+01 -3.749105878613224263e+01
-4.911544644286338013e+01 -1.966825714473280584e+01 -3.709375324832614496e+01
-4.949020060237049279e+01 -2.049535184468638249e+01 -3.665766890718443705e+01
-4.993826362850528255e+01 -2.126889821524196478e+01 -3.619264973269456931e+01
-5.024570367779855218e+01 -2.209956078465684470e+01 -3.571172798401585169e+01
-5.060506261264293926e+01 -2.288957171479549402e+01 -3.520089973987262510e+01
-5.090134965171830572e+01 -2.368240630480799780e+01 -3.465873488773841160e+01
-5.116059681504989953e+01 -2.449082938202070636e+01 -3.411188928938879883e+01
-5.142577559230428363e+01 -2.527914706267814182e+01 -3.354443720315108379e+01
-5.172631195226268375e+01 -2.603129537139526661e+01 -3.294093013366414624e+01
-5.192130926627173437e+01 -2.680874566199076980e+01 -3.233184991968323629e+01
-5.216651804319904784e+01 -2.754542569550364561e+01 -3.168916631246911919e+01
-5.237061531149460336e+01 -2.828173625447891837e+01 -3.103325695840672793e+01
-5.253483781246116990e+01 -2.901465873775568127e+01 -3.036257913804422870e+01
-5.274608236226805502e+01 -2.970683654808776808e+01 -2.966100674748560806e+01
-5.287223477496604573e+01 -3.041854238588366499e+01 -2.895829739817377657e+01
-5.304766288466163360e+01 -3.108391734733547196e+01 -2.822293461754196287e+01
-5.318455011506344476e+01 -3.174925446386339090e+01 -2.747871819832283791e+01
-5.329946473764056947e+01 -3.240258917889253354e+01 -2.672050543715411308e+01
-5.344992226292519888e+01 -3.301491568108728814e+01 -2.593460364773759252e+01
-5.354053856924320343e+01 -3.363960064321583587e+01 -2.514809498911366603e+01
-5.366484759243918035e+01 -3.421878455562880816e+01 -2.433373284643801071e+01
-5.376237131822250603e+01 -3.479426174847555586e+01 -2.351178797460043057e+01
-5.384359338494336100e+01 -3.535521061832423584e+01 -2.267848668106471521e+01
-5.395112710021970059e+01 -3.587340677999602434e+01 -2.182104947243130866e+01
-5.401807441352810457e+01 -3.639892591372434083e+01 -2.096282370267786277e+01
-5.410330615022967038e+01 -3.688157939697045862e+01 -2.008297587068886614e+01
-5.417047658979689828e+01 -3.733808848125288904e+01 -1.918697587082141709e+01
-5.425099580645819941e+01 -3.779389412036350393e+01 -1.829179493412584634e+01
-5.430103041644197504e+01 -3.823743230062856924e+01 -1.738894213633378172e+01
-5.437398265272381082e+01 -3.862943282347774243e+01 -1.646302411102282903e+01
-5.442572385428410087e+01 -3.901904677929544363e+01 -1.553474771949860056e+01
-5.447423945006077162e+01 -3.938162606419675171e+01 -1.459644515104064411e+01
-5.453218585025071263e+01 -3.970758029930497202e+01 -1.364392815540920267e+01
-5.456413719454145195e+01 -4.003989073927017017e+01 -1.269328010827398678e+01
-5.461094022483362664e+01 -4.032009786761751968e+01 -1.172649564509515763e+01
-5.464821296297770914e+01 -4.059044997949978750e+01 -1.075589920967594004e+01
-5.467510889498200299e+01 -4.084534462502428909e+01 -9.782030971415512255e+00
-5.471161308559808134e+01 -4.105274517126073874e+01 -8.796087638397828812e+00
-5.473196324396212020e+01 -4.126815403936381443e+01 -7.811731776660748139e+00
-5.475614554166344305e+01 -4.143530295858196411e+01 -6.818722347132602835e+00
-5.477873540137478159e+01 -4.158056946748575200e+01 -5.821183612430902876e+00
-5.479098446155143876e+01 -4.172376541708306519e+01 -4.824262103051823125e+00
-5.480674933392284487e+01 -4.181121466203228465e+01 -3.820314502484828179e+00
-5.481717251592142048e+01 -4.190146950639984880e+01 -2.816309735985165208e+00
-5.482312873997418023e+01 -4.195709557783165167e+01 -1.810855267148604897e+00
-5.482840449362102220e+01 -4.197554379827585791e+01 -8.027749475519837530e-01
-5.483085131594310724e+01 -4.200154805451001749e+01 2.044757956555025014e-01
-5.482712515959632071e+01 -4.197138554205058369e+01 1.211512189001021200e+00
-5.482420685267123872e+01 -4.193086174319457626e+01 2.218962454413151875e+00
-5.481789052455481226e+01 -4.187615742436653221e+01 3.224476903218249202e+00
-5.480344588493807123e+01 -4.177066351990619353e+01 4.226901360157142129e+00
-5.479585705393955664e+01 -4.167244696264344128e+01 5.230041359448193816e+00
-5.477628403771609555e+01 -4.153014800055306921e+01 6.226863958453837000e+00
-5.475381697835851469e+01 -4.135924736126722934e+01 7.220349161663797588e+00
-5.473942954004208161e+01 -4.119187059570282372e+01 8.213613851640355179e+00
-5.470542190327940091e+01 -4.096927462321583135e+01 9.195855034723633636e+00
-5.468020738287224702e+01 -4.074085833428830483e+01 1.017753160470264540e+01
-5.465134251069863325e+01 -4.049265599062308496e+01 1.115297946392957051e+01
-5.460548972786176591e+01 -4.019951313790539160e+01 1.211659124194085457e+01
-5.457898634310897279e+01 -3.991267821532362348e+01 1.308239619725418912e+01
-5.452981366011639608e+01 -3.958246101729962874e+01 1.403273412926666275e+01
-5.447671276109701921e+01 -3.922683181369883698e+01 1.497489251401351140e+01
-5.444133562428907425e+01 -3.887260702061715989e+01 1.591715869180851328e+01
-5.437342283032092638e+01 -3.846898282283653714e+01 1.683828903059443860e+01
-5.431852467049447597e+01 -3.805716930401020193e+01 1.775698713309146015e+01
-5.426505663312703120e+01 -3.762315056370887589e+01 1.866345154182513966e+01
-5.418460324566861175e+01 -3.715030566318425542e+01 1.955047115062437157e+01
-5.410906516964834623e+01 -3.668330342965144553e+01 2.044054779887468953e+01
-5.403698435538375833e+01 -3.618519213166496939e+01 2.131470906234719109e+01
-5.396658740677783328e+01 -3.567268968826988385e+01 2.217964160796229578e+01
-5.384914562806226712e+01 -3.511938654628803391e+01 2.301318303551350297e+01
-5.377157823422546556e+01 -3.456626729661639530e+01 2.385336762556007173e+01
-5.367199305269905096e+01 -3.398954059095652980e+01 2.467267232135911570e+01
-5.353511867450046680e+01 -3.338067153291584788e+01 2.546395337520335289e+01
-5.344562320525382404e+01 -3.277302499341230657e+01 2.626412970579102790e+01
-5.330682302465328348e+01 -3.213617961367077669e+01 2.703075064972158614e+01
-5.315503805023007544e+01 -3.147825169015942492e+01 2.777912844469978637e+01
-5.304615005723680810e+01 -3.081838570175836622e+01 2.853350621778150042e+01
-5.286482029763025992e+01 -3.012895841184396062e+01 2.924402543454627690e+01
-5.269326125500676739e+01 -2.942558717025449511e+01 2.994539869877607074e+01
-5.255612372124141274e+01 -2.871739679825185121e+01 3.064840005722096450e+01
-5.233265695009225738e+01 -2.798406087671017062e+01 3.130185215359368556e+01
-5.212993694028943992e+01 -2.723931307438210325e+01 3.195032835353805822e+01
-5.195526076541862892e+01 -2.648833187273432443e+01 3.259699397099880258e+01
-5.168931944181554883e+01 -2.571919142334474984e+01 3.319241568557547595e+01
-5.144037866432212525e+01 -2.493970286986334273e+01 3.378229560480408367e+01
-5.119180659025399649e+01 -2.414404046903938195e+01 3.434633490557464341e+01
-5.090925728261483840e+01 -2.334558282906189675e+01 3.489716284673056634e+01
-5.059176606424901479e+01 -2.255449956253172772e+01 3.543044867701944867e+01
-5.018700891313204693e+01 -2.176160462356027026e+01 3.590189209678273130e+01
-4.983158277891382681e+01 -2.095157361690914044e+01 3.638539080491094069e+01
-4.948817145178738031e+01 -2.013296745961476830e+01 3.686069615296634794e+01
-4.907022015192963948e+01 -1.932099018672506219e+01 3.728363621335478229e+01
-4.859392097352790074e+01 -1.852260152759826184e+01 3.767823409738289087e+01
-4.807339242371993038e+01 -1.774989251213290586e+01 3.806318483309520673e+01
-4.745961157369391969e+01 -1.701356535202322462e+01 3.837773089611069111e+01
-4.688850464974154164e+01 -1.625486590719273750e+01 3.871693476476165330e+01
-4.629743229763668921e+01 -1.550405583209266780e+01 3.903388816739924749e+01
-4.563205372784428704e+01 -1.479265511189686855e+01 3.929333721670290913e+01
-4.489432635042420117e+01 -1.414853910033246720e+01 3.952549602265683149e+01
-4.410693158874220643e+01 -1.356059773270489188e+01 3.974497643076077935e+01
-4.329545059685880659e+01 -1.299008865102901922e+01 3.994081734865632427e+01
-4.245819363751250819e+01 -1.245113209245780261e+01 4.009773109793553658e+01
-4.152803848025234856e+01 -1.208221156994044776e+01 4.020451624260644508e+01
-4.060457904878308000e+01 -1.168461118320512071e+01 4.032074862789877301e+01
-3.969309166925245336e+01 -1.127506927188790797e+01 4.043940465044703103e+01
-3.873375401199985646e+01 -1.100712212177328375e+01 4.051703275361965950e+01
-3.773729547892824598e+01 -1.083976814814474743e+01 4.056571855964995876e+01
-3.674566849863175833e+01 -1.064617944048614717e+01 4.062204012253825880e+01
-3.575484842600283031e+01 -1.051177216565659478e+01 4.066108438918082868e+01
-3.474211274440875030e+01 -1.052978191906017891e+01 4.065585370274649790e+01
-3.372828638773457754e+01 -1.054693769592769925e+01 4.065087165345900644e+01
-3.272781376931467179e+01 -1.062047501750281775e+01 4.062950214561173823e+01
-3.173665575546554862e+01 -1.082487192238130014e+01 4.057011772359405910e+01
-3.074999609148384394e+01 -1.103391870585660151e+01 4.050939092230238714e+01
-2.978876825987656574e+01 -1.132451661595379377e+01 4.042487174869332733e+01
-2.886456204151426164e+01 -1.171392426511397034e+01 4.031195260918266854e+01
-2.796531316464878358e+01 -1.214964811679455536e+01 4.018541819995027709e+01
-2.710363917967942626e+01 -1.264710029028020344e+01 4.004168223730119536e+01
-2.631593078336154079e+01 -1.324880489189086319e+01 3.985314321183426500e+01
-2.551959166663698753e+01 -1.382119033588734602e+01 3.964002247175363181e+01
-2.482280684579420438e+01 -1.450969077694550080e+01 3.939315378976277060e+01
-2.416420579362381105e+01 -1.522161159718576506e+01 3.913847455690266486e+01
-2.356569865026399668e+01 -1.597420215801723842e+01 3.883545544728570320e+01
-2.297323189991431036e+01 -1.671494516318990264e+01 3.851041675006213438e+01
-2.252576951477422895e+01 -1.755022720601919772e+01 3.815834186104125081e+01
-2.202813952178110668e+01 -1.833435135231300350e+01 3.777246668427834919e+01
-2.157588856983257486e+01 -1.913940052484412035e+01 3.736090770945779838e+01
-2.118726273698576534e+01 -1.996455284299773680e+01 3.694433754031871331e+01
-2.082802328659312607e+01 -2.078662966647006982e+01 3.648685350750484702e+01
-2.045365306692525920e+01 -2.158692436278543170e+01 3.600592391958640093e+01
-2.020513287644707745e+01 -2.242929908752627099e+01 3.550975019171259817e+01
-1.986688530832908484e+01 -2.321559197487113479e+01 3.497879019779512788e+01
-1.964366246034492036e+01 -2.403579566137111101e+01 3.443692167277816196e+01
-1.939838634143226059e+01 -2.483026054238584379e+01 3.386825686171528105e+01
-1.917507088569475115e+01 -2.560446715532298256e+01 3.326592294079725320e+01
-1.896691441076850637e+01 -2.638502729745225750e+01 3.266145181490793448e+01
-1.877974132154930942e+01 -2.715758615894038641e+01 3.204436321148988753e+01
-1.854567690418733861e+01 -2.788779588519715347e+01 3.138787777429049441e+01
-1.838361662397198160e+01 -2.862892976171810488e+01 3.072578448683770347e+01
-1.821311539951058478e+01 -2.934497598985012701e+01 3.003865643974547694e+01
-1.803329216871131990e+01 -3.003835735830217146e+01 2.932943527398510852e+01
-1.792420505490459703e+01 -3.074218698963417040e+01 2.861702569613075653e+01
-1.775471433213666828e+01 -3.139649887982651677e+01 2.786912561700853885e+01
-1.764823378743605176e+01 -3.206171833768537738e+01 2.711979604517849651e+01
-1.753040619433394198e+01 -3.269716798555791115e+01 2.634782808597476489e+01
-1.740326196803824033e+01 -3.330739229901054443e+01 2.555594755394281492e+01
-1.732867617479300293e+01 -3.392406741919295143e+01 2.476230409673831190e+01
-1.720693463064760564e+01 -3.448874864089099646e+01 2.393683027992787515e+01
-1.713104740108813928e+01 -3.506121156833394537e+01 2.311060047438561682e+01
-1.705214057915535264e+01 -3.560550793152119553e+01 2.226706548283222276e+01
-1.695710446486904033e+01 -3.611595544813989278e+01 2.140329929638764384e+01
-1.690294158803122926e+01 -3.663269917928155905e+01 2.053957377541586027e+01
-1.682197214500443749e+01 -3.710137601523923223e+01 1.965174729975451839e+01
