5.306380182205349882e+01 3.311198305659232233e+01 -2.582885315607658683e+01
5.322786789914243144e+01 3.372588733941888250e+01 -2.504522853626596657e+01
5.333422237905725183e+01 3.430024486920662952e+01 -2.422418049228992487e+01
5.347073528319934610e+01 3.487325050494347778e+01 -2.340623697572952011e+01
5.357352028392560328e+01 3.541425696901701059e+01 -2.256239950405145933e+01
5.369532424850441998e+01 3.594941321261831035e+01 -2.171719420688890168e+01
5.378469842972619830e+01 3.645058273039018815e+01 -2.084735805259344943e+01
5.389044834699487296e+01 3.694459720048478601e+01 -1.997563434498278667e+01
5.397088977983915470e+01 3.740649677264759987e+01 -1.908330499211188069e+01
5.405954372420205090e+01 3.785601861970274484e+01 -1.818612443682446767e+01
5.413426503437832338e+01 3.827936608146487174e+01 -1.727435049778146237e+01
5.420578265243084104e+01 3.868151426791248326e+01 -1.635340117395298520e+01
5.427545457205187773e+01 3.906583109233893936e+01 -1.542417552468767461e+01
5.433167484577425910e+01 3.941925948898808940e+01 -1.448213808949318704e+01
5.439394981047340849e+01 3.976147614421581977e+01 -1.353622701729170430e+01
5.443923736979715500e+01 4.006781487036158751e+01 -1.257698791558909335e+01
5.449192691232858010e+01 4.036435674500131654e+01 -1.161537477980017918e+01
5.453001924825198898e+01 4.062604772981408985e+01 -1.064255300704914120e+01
5.456786641518301906e+01 4.086616770027455914e+01 -9.664312489016246843e+00
5.459825674941757256e+01 4.109163314702712455e+01 -8.682837952672143089e+00
5.462601950897973069e+01 4.128990282144252433e+01 -7.694830711745837881e+00
5.464773941473565344e+01 4.145746119477467317e+01 -6.701493477429038670e+00
5.467059005330617083e+01 4.161296462572794042e+01 -5.705781914465738680e+00
5.468503013765140253e+01 4.173082078498714509e+01 -4.705040677915983238e+00
5.470092001279285654e+01 4.183856615007734092e+01 -3.703087318769905600e+00
5.470958555949574986e+01 4.191022931797058249e+01 -2.697727415190533939e+00
5.471745719134349883e+01 4.196465872675791786e+01 -1.691601065840557361e+00
5.472096798664934170e+01 4.199409698711637162e+01 -6.839797746192320949e-01
5.472143843596000323e+01 4.199372916113272680e+01 3.236130002309318132e-01
5.471898256913321035e+01 4.198077866734488595e+01 1.331549050252791799e+00
5.471305783439011350e+01 4.192978593239360663e+01 2.338001901313617736e+00
5.470379005287946939e+01 4.186866154257216976e+01 3.343944642944373769e+00
5.469141348278943582e+01 4.177174174242977500e+01 4.347156399878841171e+00
5.467596501033362699e+01 4.165643551437651837e+01 5.348041773565211265e+00
5.465595274591650821e+01 4.151834133760586809e+01 6.346403076334347304e+00
5.463494547142097701e+01 4.134918325346063739e+01 7.339515664360804159e+00
5.460659027283591627e+01 4.116836993278205625e+01 8.330775387101564178e+00
5.457989128740986473e+01 4.094548326699773355e+01 9.313115363793299295e+00
5.454422658340365615e+01 4.071602553748954989e+01 1.029382927349350751e+01
5.450644985061757097e+01 4.045865441319465816e+01 1.126730313907188652e+01
5.445744720721415888e+01 4.018007001363876185e+01 1.223479246483146099e+01
5.441068809168753972e+01 3.986968462113359379e+01 1.319246568191660707e+01
5.435290310087236065e+01 3.954817384855297036e+01 1.414586110414999887e+01
5.429817135530358030e+01 3.919045617772588486e+01 1.508666899431524477e+01
5.423162642098853325e+01 3.882233565619113591e+01 1.602224387050712195e+01
5.416256879037318583e+01 3.842665161503926186e+01 1.694675189604812715e+01
5.409129935774074482e+01 3.800674476769539467e+01 1.785993637950571156e+01
5.400541186898692558e+01 3.757476971242723351e+01 1.876644132588994651e+01
5.392716913006913160e+01 3.710704850844420832e+01 1.965578541372387278e+01
5.382902771287398025e+01 3.663286386226499758e+01 2.053939423285209642e+01
5.373231750557376074e+01 3.612932898863414266e+01 2.140713562543656323e+01
5.362951484835236471e+01 3.560623289911757894e+01 2.226204541571510731e+01
5.350813783083690822e+01 3.507139383117337417e+01 2.310763311402028108e+01
5.339686101917322247e+01 3.450373760750908758e+01 2.393276199596002485e+01
5.325801122945278365e+01 3.393138326231606072e+01 2.475047126346560589e+01
5.312235801289894255e+01 3.333132903395157598e+01 2.554872316154703782e+01
5.297789331591160789e+01 3.271387606102527457e+01 2.633165489581238816e+01
5.280736380197856761e+01 3.208760091727756958e+01 2.710304519788177657e+01
5.263498564737030705e+01 3.143004242328112241e+01 2.784699201534889212e+01
5.243244416945208997e+01 3.077009005576667633e+01 2.858089054250471861e+01
5.221700806052315613e+01 3.009029427167159199e+01 2.929280113714525768e+01
5.197270775444592061e+01 2.940451310158503162e+01 2.998941259254316805e+01
5.173815079109925819e+01 2.869084959033405369e+01 3.066106677830010696e+01
5.145912410515382618e+01 2.798070299691792329e+01 3.131927705574058152e+01
5.117026114480140819e+01 2.725391626471765605e+01 3.195443148001084666e+01
5.085683271904900238e+01 2.651568550211897701e+01 3.256444580147724110e+01
5.049619466725623340e+01 2.577803586009380155e+01 3.314877018288385813e+01
5.009179644380246543e+01 2.504533961880300907e+01 3.370981031800907601e+01
4.966158144901603322e+01 2.430986455581223993e+01 3.424673519091490448e+01
4.921284385128623740e+01 2.356590253682907132e+01 3.475652961970824606e+01
4.869139535042278055e+01 2.284737104138722685e+01 3.523403952739062106e+01
4.811697274552249581e+01 2.214951327102954792e+01 3.567937007623181955e+01
4.751620247296791177e+01 2.145683961454486877e+01 3.609580437438569334e+01
4.683929531581133432e+01 2.081654424566418982e+01 3.647896823677699985e+01
4.614136420072733102e+01 2.017728555587773087e+01 3.682439520145198486e+01
4.538571987066060842e+01 1.959283298782975180e+01 3.714664952337237480e+01
4.458581578530108658e+01 1.904748033670865937e+01 3.742697939962756237e+01
4.375767771153471131e+01 1.853310396473462873e+01 3.767978622033498226e+01
4.289902237512728789e+01 1.806190305989036560e+01 3.791548399742437425e+01
4.202107149039249379e+01 1.761260667520723189e+01 3.812292335411434152e+01
4.112082075543195003e+01 1.719837438211300551e+01 3.830746816896804319e+01
4.020187622230024260e+01 1.682117657933107324e+01 3.847547172989521158e+01
3.927192963053444430e+01 1.646732653999093898e+01 3.863435888271724394e+01
3.832994973866146182e+01 1.613672695111891287e+01 3.877326031224595937e+01
3.737331418698639141e+01 1.584179330240504413e+01 3.889007965222638319e+01
3.640739252232663148e+01 1.557474737031922984e+01 3.899576699914273803e+01
3.542809821955142979e+01 1.535300035228256021e+01 3.908356143318115272e+01
3.444092865335716169e+01 1.516605225506880927e+01 3.915757839486003888e+01
3.344141706956514781e+01 1.503436279951146659e+01 3.920971791418060093e+01
3.243806614033611169e+01 1.497327779145060234e+01 3.923390345859296247e+01
3.142687660620382317e+01 1.495257301464319966e+01 3.924209817456045357e+01
3.043004292156804524e+01 1.506225427222925362e+01 3.919867459472796867e+01
2.942931372739366580e+01 1.519676053791724257e+01 3.914537603002317923e+01
2.847703627586742314e+01 1.548204821179986723e+01 3.903262974877890912e+01
2.753077292788216823e+01 1.581564872316098835e+01 3.890009782872169097e+01
2.665848468389059889e+01 1.627630239911792387e+01 3.871798720463167598e+01
2.581568177656698637e+01 1.678719738026450869e+01 3.849208402720581290e+01
2.505600170035291185e+01 1.738382726783198251e+01 3.822722267171358368e+01
2.437385819812068988e+01 1.806327138543175082e+01 3.791611747010038869e+01
2.371570992870184824e+01 1.874516630561822339e+01 3.757452034962908272e+01
2.316489084910202934e+01 1.950000646301228358e+01 3.719876668327206914e+01
2.268158564681219858e+01 2.027450887622812914e+01 3.677193370346415691e+01
2.217501562885320254e+01 2.103739013479801656e+01 3.635126783080421831e+01
2.173691229675808501e+01 2.181402967735915155e+01 3.588112853946402225e+01
2.137430288292754810e+01 2.261529120930149972e+01 3.538978484806471414e+01
2.104292028615927990e+01 2.340867474949516236e+01 3.486388853921353359e+01
2.070660573912670799e+01 2.419369090422552304e+01 3.433028779246151174e+01
2.042765583931193873e+01 2.497529293673169093e+01 3.375780060705253049e+01
2.012688875564926150e+01 2.574375786189921911e+01 3.318045685017983004e+01
1.987751543071720661e+01 2.651023853002956798e+01 3.257394728552286267e+01
1.967445662343856938e+01 2.726504784570226292e+01 3.193835113651672586e+01
1.944858370464707775e+01 2.800944481886756066e+01 3.129735056863885134e+01
1.927591309828514454e+01 2.873512481287330900e+01 3.061988158596405540e+01
1.907570364731102330e+01 2.945289572159068214e+01 2.994161519133413307e+01
1.892502764068991183e+01 3.014912200635867734e+01 2.922855856717430356e+01
1.874989470778059442e+01 3.083699520704097807e+01 2.851372659781685570e+01
1.861593419875320876e+01 3.150187283226880908e+01 2.776788505561258091e+01
1.846488992962290254e+01 3.215642628935655978e+01 2.701730590209638905e+01
1.834366051075860327e+01 3.278851324626211294e+01 2.624123966084005133e+01
1.821693860723740599e+01 3.340048522493459870e+01 2.545118934346297834e+01
1.810702826376665442e+01 3.400370218230661123e+01 2.465112415522344591e+01
1.800271994923951624e+01 3.458274937788390702e+01 2.383252222049176083e+01
1.791164943977386415e+01 3.513838545181899775e+01 2.299715595992624984e+01
1.781367465803262462e+01 3.568210201535304549e+01 2.215392474286973368e+01
1.773859515455298919e+01 3.619524788521754033e+01 2.129015646718275079e+01
1.764878907545756803e+01 3.670087028495428427e+01 2.042280479078661415e+01
1.758544615562680846e+01 3.717167610885505269e+01 1.953410051644593537e+01
1.750681316976372415e+01 3.763539890537296628e+01 1.864286929473520260e+01
1.745049777392150858e+01 3.806517665152867380e+01 1.773294119925444789e+01
1.738604521116178958e+01 3.848242382047570231e+01 1.681819997284323875e+01
1.733275660064907697e+01 3.887314640241109487e+01 1.589055897359902403e+01
1.728276262131463170e+01 3.924095367166192716e+01 1.495402073455766079e+01
1.723187080667660354e+01 3.959263423843373886e+01 1.401077175741763625e+01
1.719420070892635621e+01 3.991033347029914324e+01 1.305532080110240578e+01
1.714797944386491224e+01 4.022011126202671250e+01 1.209740185882585628e+01
1.711850615354980221e+01 4.049012683185179640e+01 1.112684526527040063e+01
1.708053224092346056e+01 4.075257427127343846e+01 1.015477178083133936e+01
1.705485657672984345e+01 4.097963191229947455e+01 9.173020068277960348e+00
1.702718746183414567e+01 4.118981098078439373e+01 8.188111828118193714e+00
1.700393438363948206e+01 4.137632311392474094e+01 7.197787420308665141e+00
1.698610901723733591e+01 4.153225164196932440e+01 6.202517378218756150e+00
1.696663517314173575e+01 4.167649784491054987e+01 5.205201242798814576e+00
1.695619206996437001e+01 4.178065383627868812e+01 4.202832396385185021e+00
1.694280070163221197e+01 4.187736947052170677e+01 3.199912637317586572e+00
1.693703444186221319e+01 4.193607196167483409e+01 2.193645849124929104e+00
1.693100346452881766e+01 4.197969824741527134e+01 1.187103635094031162e+00
1.692934192955549122e+01 4.199730920221188057e+01 1.792434501836281391e-01
1.693034860821316556e+01 4.198501232196276334e+01 -8.282669444139915127e-01
1.693389249644259564e+01 4.196025164302520238e+01 -1.835843860257697635e+00
1.694070324100654901e+01 4.189531891093494664e+01 -2.841558579697320841e+00
1.695029605548404561e+01 4.182270305338468575e+01 -3.846549616616869116e+00
1.696277451965173100e+01 4.171294120381397619e+01 -4.848474030601479967e+00
1.697798876492745634e+01 4.158657557167487084e+01 -5.847911824638332590e+00
1.699746204725145660e+01 4.143671233768715467e+01 -6.844513727695147765e+00
1.701725109627998123e+01 4.125469787057065219e+01 -7.835366119852172240e+00
1.704442501337763360e+01 4.106271532698393401e+01 -8.824375572232526110e+00
1.706950602648655035e+01 4.083064712110722638e+01 -9.804847658063778226e+00
1.710293478420769375e+01 4.059013524852213095e+01 -1.078274232820261247e+01
1.713681820633640740e+01 4.031700029174049860e+01 -1.175242502498525177e+01
1.717374447544490579e+01 4.002238816303000135e+01 -1.271518575588124023e+01
1.721903092139307745e+01 3.971119956176989518e+01 -1.367281466709780702e+01
1.725935552029530129e+01 3.936421775256349775e+01 -1.461803328093959209e+01
1.731457655319953659e+01 3.901078658896275186e+01 -1.556015048670272982e+01
1.736391977756395377e+01 3.862064839106105296e+01 -1.648817222370614388e+01
1.742326371926455408e+01 3.821704670537980775e+01 -1.740940124038473868e+01
1.748804043095773153e+01 3.779098215273160122e+01 -1.832057685634232769e+01
1.754932066204974817e+01 3.733609954909776008e+01 -1.921751702614130508e+01
1.763016030791697375e+01 3.687348099169601312e+01 -2.010932872524739423e+01
1.770040701601881850e+01 3.637536225169451853e+01 -2.098257045021594536e+01
1.778848271290279470e+01 3.586783122461159223e+01 -2.184860702016079870e+01
1.787785370020823095e+01 3.533518049599987876e+01 -2.269961821784140099e+01
1.796797212816793987e+01 3.477967620694143136e+01 -2.353533247760037384e+01
1.808067747450661500e+01 3.421481594539790194e+01 -2.436269943070012189e+01
1.818746916024895199e+01 3.361544061353798440e+01 -2.516556887752070892e+01
1.829918637528906800e+01 3.300981760954381627e+01 -2.596334330518498490e+01
1.842306817024188703e+01 3.238181511215800867e+01 -2.674155457296549798e+01
1.856414041937898318e+01 3.174072762756713217e+01 -2.750615701239705757e+01
1.869302467077258001e+01 3.107047936942528565e+01 -2.824784735480267273e+01
1.885776244156942383e+01 3.039814274301119212e+01 -2.897995578161755859e+01
1.901565839575158634e+01 2.970000647252119563e+01 -2.968928561471799554e+01
1.918803851300889463e+01 2.898889136505158959e+01 -3.038177133993430701e+01
1.939123351451926780e+01 2.827149279402482307e+01 -3.105972305469217076e+01
1.958020784292461514e+01 2.752729273759368311e+01 -3.171196996114515443e+01
1.981361845392642707e+01 2.678412096109807550e+01 -3.235167123785043941e+01
2.004956884239073744e+01 2.601630840650974719e+01 -3.296020591327093285e+01
2.032271653557805990e+01 2.525473808163637912e+01 -3.356014500515705379e+01
2.058915897546099671e+01 2.446572305291710236e+01 -3.412809762720511486e+01
2.091158222050876958e+01 2.368656411617776314e+01 -3.467937885925965702e+01
2.124934406266420339e+01 2.289748859288239302e+01 -3.520596084920338598e+01
2.160210613195250318e+01 2.209839192551804388e+01 -3.570742919353051548e+01
2.201466133186319141e+01 2.131122280352155940e+01 -3.618427019094167463e+01
2.247987119527201472e+01 2.053708932140625265e+01 -3.663084934456762909e+01
2.298387362516396948e+01 1.977412062960675598e+01 -3.705129735971073046e+01
2.351106962816335511e+01 1.901049154885289738e+01 -3.744273740365935055e+01
2.413116671077759889e+01 1.829866998655997890e+01 -3.779631306090332288e+01
2.481382825050339846e+01 1.763030943309699339e+01 -3.811641435551914014e+01
2.553695279163978427e+01 1.698992006566029289e+01 -3.840018505809007365e+01
2.636299719879863090e+01 1.646445107469548930e+01 -3.863670723177302335e+01
2.720820451305799637e+01 1.595686277974446199e+01 -3.884441242877786493e+01
2.813666839751451931e+01 1.559456428353923485e+01 -3.898794248609529944e+01
2.908701740242914369e+01 1.528097906951064111e+01 -3.911206668048442481e+01
3.007917345580142410e+01 1.510729909650920710e+01 -3.918082869880927888e+01
3.107622017423344829e+01 1.499101087139426447e+01 -3.922687306838383137e+01
3.208616894384670815e+01 1.496964586599842129e+01 -3.923533169701480716e+01
3.308895774987420424e+01 1.502835198011241502e+01 -3.921208864429489438e+01
3.409213908150462657e+01 1.512994429782021655e+01 -3.917186435377724507e+01
3.507963277142849279e+01 1.530714283898132777e+01 -3.910170977539583959e+01
3.606459791669752946e+01 1.550859943854227829e+01 -3.902192899135231841e+01
3.703404521748085898e+01 1.575947397461946409e+01 -3.892269814413774753e+01
3.799545802040313447e+01 1.604290612074223787e+01 -3.881035715174935063e+01
3.894412402904541182e+01 1.635797505731671109e+01 -3.868372542490475041e+01
3.988342277008977987e+01 1.669089257205462928e+01 -3.853377949176126549e+01
4.079545417181586942e+01 1.708174155305590247e+01 -3.835926041261581076e+01
4.171407942305589955e+01 1.746085070855912846e+01 -3.819033391971655789e+01
4.260178489736569674e+01 1.789629338458080099e+01 -3.799636369096653254e+01
4.347422914465415289e+01 1.834841618188449530e+01 -3.777175438109333072e+01
4.431393053815321537e+01 1.884877093565368611e+01 -3.752839560894824444e+01
4.512368733681775979e+01 1.938644087373331004e+01 -3.725919818624010560e+01
4.590197504676759621e+01 1.994840643717557072e+01 -3.695473574967544295e+01
4.662110545973182951e+01 2.057137245303555773e+01 -3.661911074420874712e+01
4.731306789172507621e+01 2.120530860853905963e+01 -3.624876318235119044e+01
4.793289243456144533e+01 2.188716180422279933e+01 -3.584268570310278079e+01
4.850325669689717500e+01 2.259549520545503398e+01 -3.540293704667264052e+01
4.905468758112093042e+01 2.329723721817185833e+01 -3.493500181219887679e+01
4.951780193836755473e+01 2.404128159846268531e+01 -3.443799172911821671e+01
4.993190279788156261e+01 2.478452433568719115e+01 -3.389788558270049634e+01
5.036478108676084986e+01 2.551765379327486016e+01 -3.335883953307337890e+01
5.074973823182780563e+01 2.624556367752742148e+01 -3.277764814130291882e+01
5.106473197519665774e+01 2.698833976205122553e+01 -3.217435717019847630e+01
5.136599726864609750e+01 2.772109381313131493e+01 -3.155063026502821799e+01
5.162789017774009892e+01 2.844072946842985772e+01 -3.089672427658566534e+01
5.189040887470603280e+01 2.915137322610866377e+01 -3.023182586249407677e+01
5.212707249927145625e+01 2.984653607598775693e+01 -2.954263057031862516e+01
5.235572403247523710e+01 3.053132880051330744e+01 -2.883918883444160386e+01
5.257593900244644658e+01 3.119413935038065944e+01 -2.811354634117349249e+01
5.275749486196674809e+01 3.185283064644060147e+01 -2.737209915457090759e+01
5.291910757353942074e+01 3.249253093185633645e+01 -2.660992257539273709e+01
5.306380182205349172e+01 3.311198305659232233e+01 -2.582885315607658328e+01
