-1.505592567600304044e+01 3.231728382117745468e+01 -4.500000000000000000e+01
-1.415982475562323017e+01 3.182314902921172006e+01 -4.500000000000000711e+01
-1.317038350485242226e+01 3.159229935842888892e+01 -4.499999999999998579e+01
-1.219330052671185705e+01 3.132043609312055565e+01 -4.500000000000000711e+01
-1.120591835215627086e+01 3.106524641794752739e+01 -4.500000000000000000e+01
-1.018557368591275925e+01 3.092505704391323462e+01 -4.499999999999999289e+01
-9.170599133603579034e+00 3.076097359635614836e+01 -4.499999999999998579e+01
-8.149819852945613619e+00 3.068736630935668330e+01 -4.500000000000000711e+01
-7.129518964943131643e+00 3.057640519052803896e+01 -4.499999999999999289e+01
-6.108679799357604523e+00 3.046928587256247312e+01 -4.500000000000000000e+01
-5.084376556142301773e+00 3.041203113088358023e+01 -4.499999999999998579e+01
-4.060806524041091770e+00 3.033943687986991833e+01 -4.500000000000000000e+01
-3.036060576472209505e+00 3.027936682207615604e+01 -4.500000000000000711e+01
-2.009992543925810171e+00 3.025007387657313629e+01 -4.499999999999999289e+01
-9.839300514842413969e-01 3.022041149007794303e+01 -4.499999999999999289e+01
4.259769672476704239e-02 3.021653683455855344e+01 -4.500000000000001421e+01
1.069019911490006525e+00 3.021935544653878125e+01 -4.499999999999999289e+01
2.095383640645455348e+00 3.023963298441577763e+01 -4.500000000000001421e+01
3.120550335529175712e+00 3.028785312954963871e+01 -4.500000000000001421e+01
4.146235821101633690e+00 3.032159696444436392e+01 -4.499999999999997868e+01
5.169840828128227983e+00 3.039883063134538688e+01 -4.500000000000001421e+01
6.192851771615775824e+00 3.047652432751089435e+01 -4.500000000000000000e+01
7.216644140893897053e+00 3.054089627852674482e+01 -4.500000000000000000e+01
8.236415249303945529e+00 3.066711897750538185e+01 -4.499999999999999289e+01
9.258991383741742354e+00 3.074751519091679341e+01 -4.499999999999982236e+01
1.027951670349782276e+01 3.085604011004703651e+01 -4.500000000000000000e+01
1.129640437490924221e+01 3.102136868569154871e+01 -4.499999999999993605e+01
1.226906612140948560e+01 3.134168058741284213e+01 -4.500000000000000711e+01
1.327753245374017510e+01 3.153611828630857161e+01 -4.500000000000000000e+01
1.422480671726635570e+01 3.195566897803437811e+01 -4.500000000000000711e+01
1.524639470217981696e+01 3.225439758757310926e+01 -4.500000000000001421e+01
1.537594313696686754e+01 3.314370819196405904e+01 -4.500000000000000711e+01
1.552645854685034266e+01 3.413336997610343815e+01 -4.500000000000002132e+01
1.493887883071637290e+01 3.497379965094419418e+01 -4.500000000000000711e+01
1.444882681107084466e+01 3.586248031595172847e+01 -4.500000000000000000e+01
1.370043994418391442e+01 3.658118861396945221e+01 -4.500000000000000711e+01
1.309638666240779337e+01 3.740875858386994679e+01 -4.499999999999999289e+01
1.233933122583339603e+01 3.810671648238356823e+01 -4.500000000000000711e+01
1.165359219882990693e+01 3.887028497027051088e+01 -4.499999999999999289e+01
1.090482307611780044e+01 3.957052427032904518e+01 -4.500000000000000711e+01
1.016070317892202368e+01 4.027788483342787629e+01 -4.499999999999999289e+01
9.388632507590131127e+00 4.095233105801612083e+01 -4.500000000000002132e+01
8.581457277160733810e+00 4.158729624728927377e+01 -4.500000000000000711e+01
7.764724788952399592e+00 4.220909777943797536e+01 -4.500000000000000711e+01
6.890385407294922437e+00 4.274675101465324190e+01 -4.499999999999997868e+01
5.994021508679987953e+00 4.324807489725737497e+01 -4.500000000000000711e+01
5.075235127408558533e+00 4.370460074953503948e+01 -4.499999999999998579e+01
4.116077608802332755e+00 4.406911566420519222e+01 -4.500000000000000711e+01
3.127814930778086033e+00 4.434387656586754645e+01 -4.500000000000000000e+01
2.127785023089681538e+00 4.457299960478319889e+01 -4.500000000000000711e+01
1.109836881910851281e+00 4.471557566501630987e+01 -4.500000000000000000e+01
8.588429528609213548e-02 4.476165218216729613e+01 -4.500000000000002132e+01
-9.395391293612208594e-01 4.476262437847295672e+01 -4.499999999999999289e+01
-1.961077244895567340e+00 4.464996920473473097e+01 -4.500000000000001421e+01
-2.968196332271733517e+00 4.446490532195675627e+01 -4.499999999999999289e+01
-3.967269385314474039e+00 4.422610173788579857e+01 -4.500000000000000000e+01
-4.939926919434046937e+00 4.389804356420852827e+01 -4.500000000000001421e+01
-5.865285655227321371e+00 4.345602586967866188e+01 -4.500000000000000000e+01
-6.765313449403580925e+00 4.296263511391963164e+01 -4.500000000000000000e+01
-7.649624062342519792e+00 4.244019729587479617e+01 -4.500000000000000000e+01
-8.472302282255311567e+00 4.182746774826856750e+01 -4.500000000000000000e+01
-9.278266002558400061e+00 4.118895359006178580e+01 -4.500000000000000000e+01
-1.004573545176735294e+01 4.050896845838549609e+01 -4.500000000000000711e+01
-1.078678787931896821e+01 3.979669044286821844e+01 -4.499999999999999289e+01
-1.151626788922544087e+01 3.907512128778628124e+01 -4.500000000000001421e+01
-1.220187713697744236e+01 3.831027605003933445e+01 -4.500000000000000000e+01
-1.291338295988920137e+01 3.756878124690157250e+01 -4.500000000000000000e+01
-1.353131175407567177e+01 3.674974927989840268e+01 -4.500000000000000711e+01
-1.422298924192003255e+01 3.598481152202997890e+01 -4.500000000000001421e+01
-1.472008485140783662e+01 3.509638802497750731e+01 -4.499999999999999289e+01
-1.529016615659961431e+01 3.423470394238353265e+01 -4.500000000000000000e+01
-1.546188627663024029e+01 3.321982696604656837e+01 -4.500000000000000711e+01
-1.505592567600303688e+01 3.231728382117745468e+01 -4.500000000000000000e+01
