-2.828660121194883814e+01 2.532436876165279571e+01 -4.500000000000000000e+01
-2.793093482168882247e+01 2.437517459153253796e+01 -4.499999999999999289e+01
-2.748330877156697838e+01 2.346569226730323976e+01 -4.500000000000000000e+01
-2.683300095779112127e+01 2.268929060057843117e+01 -4.500000000000000711e+01
-2.608162808595293924e+01 2.200884674480308334e+01 -4.500000000000001421e+01
-2.517163783509617403e+01 2.157092345679074796e+01 -4.499999999999998579e+01
-2.419116817759132587e+01 2.131895898281766577e+01 -4.500000000000000711e+01
-2.317574907768825199e+01 2.130818778132130831e+01 -4.500000000000000000e+01
-2.217341447434272794e+01 2.144688929822241974e+01 -4.500000000000001421e+01
-2.119011049629932941e+01 2.169390396688391220e+01 -4.499999999999998579e+01
-2.023125583255155036e+01 2.202215931672694182e+01 -4.500000000000002842e+01
-1.927788763936390382e+01 2.236681975383005039e+01 -4.500000000000003553e+01
-1.834616160026455489e+01 2.276638583584410469e+01 -4.500000000000000711e+01
-1.741201185249497030e+01 2.315996659599986174e+01 -4.499999999999999289e+01
-1.647502065754254019e+01 2.354701409545569035e+01 -4.500000000000000711e+01
-1.553351168933129856e+01 2.392269251088729831e+01 -4.500000000000000711e+01
-1.459005687147576147e+01 2.429159053708272964e+01 -4.500000000000001421e+01
-1.362448993192405666e+01 2.460182738051629414e+01 -4.500000000000002842e+01
-1.266160821820646909e+01 2.492025137695026515e+01 -4.499999999999993605e+01
-1.168941155672216681e+01 2.520360688882094635e+01 -4.500000000000000711e+01
-1.069917865060191353e+01 2.542041801370357135e+01 -4.500000000000000000e+01
-9.710159055615283918e+00 2.563570847968554745e+01 -4.499999999999999289e+01
-8.710256749453872516e+00 2.580437374377125437e+01 -4.499999999999999289e+01
-7.706126528271897591e+00 2.593560498903631384e+01 -4.499999999999998579e+01
-6.698090135014671098e+00 2.604544871338127976e+01 -4.500000000000008527e+01
-5.690777809404650611e+00 2.616545113960071944e+01 -4.500000000000001421e+01
-4.679091651139453134e+00 2.622595010219022882e+01 -4.500000000000001421e+01
-3.667390801753100060e+00 2.628328960654514290e+01 -4.499999999999999289e+01
-2.654667249999029366e+00 2.633036244049815267e+01 -4.499999999999998579e+01
-1.641200936602231986e+00 2.634691377559047964e+01 -4.500000000000002132e+01
-6.276768332917534998e-01 2.636457348871934414e+01 -4.499999999999999289e+01
3.860437596220819279e-01 2.636035935684675735e+01 -4.500000000000000711e+01
1.399661839851508827e+00 2.634887930545432155e+01 -4.500000000000000711e+01
2.413014289151832692e+00 2.632089088223664319e+01 -4.500000000000000000e+01
3.425596084854394707e+00 2.627580766199608675e+01 -4.499999999999997158e+01
4.438039263470489715e+00 2.622791479196853714e+01 -4.500000000000000000e+01
5.448281629480696608e+00 2.614152665495516459e+01 -4.500000000000000000e+01
6.456437034790813989e+00 2.604040457443352352e+01 -4.499999999999990052e+01
7.464544730100644010e+00 2.593148354290681468e+01 -4.499999999999968026e+01
8.470792632257733601e+00 2.581086916178825774e+01 -4.500000000000001421e+01
9.474414119903514120e+00 2.566575944458713110e+01 -4.499999999999998579e+01
1.046750288562187947e+01 2.546445093882258348e+01 -4.500000000000000000e+01
1.145417563030222219e+01 2.523882046101899590e+01 -4.500000000000001421e+01
1.243560310534003044e+01 2.498940514873947905e+01 -4.499999999999999289e+01
1.339770185735523711e+01 2.466884836027012895e+01 -4.499999999999998579e+01
1.437450745161126875e+01 2.439555491069422999e+01 -4.500000000000000711e+01
1.532621135824573066e+01 2.404998366751859962e+01 -4.499999999999999289e+01
1.625265347174535435e+01 2.363992380098607171e+01 -4.500000000000003553e+01
1.720194829754628429e+01 2.328641659992851842e+01 -4.500000000000002132e+01
1.813119826832053860e+01 2.288782337290852809e+01 -4.500000000000000711e+01
1.907316383813959604e+01 2.251493008359937420e+01 -4.499999999999997158e+01
2.000965129364468353e+01 2.213588725729755780e+01 -4.499999999999998579e+01
2.097314510501193752e+01 2.182289234282535162e+01 -4.500000000000000711e+01
2.195702624839973893e+01 2.160602858564176998e+01 -4.500000000000002132e+01
2.293521828703563514e+01 2.137419758331802910e+01 -4.500000000000001421e+01
2.395772017938152842e+01 2.134981683618550719e+01 -4.500000000000001421e+01
2.492262364293423005e+01 2.155767444032845859e+01 -4.499999999999999289e+01
2.589219868392103052e+01 2.187283018582992256e+01 -4.500000000000000711e+01
2.667343667993992895e+01 2.252952322322043344e+01 -4.500000000000002132e+01
2.736894002156164163e+01 2.326123992978618205e+01 -4.500000000000002842e+01
2.783437340210656430e+01 2.416085393233976930e+01 -4.500000000000004974e+01
2.821030167543624856e+01 2.509807313847340282e+01 -4.500000000000000000e+01
2.852524399156234125e+01 2.606174898303567034e+01 -4.500000000000000711e+01
2.870707446024477605e+01 2.705891675996617352e+01 -4.499999999999999289e+01
2.887777700348599552e+01 2.805655292742850904e+01 -4.500000000000000711e+01
2.892206416375314149e+01 2.907192427467757057e+01 -4.500000000000000000e+01
2.892634629903599475e+01 3.008375883074776880e+01 -4.499999999999999289e+01
2.887351063415918873e+01 3.109719586545976000e+01 -4.500000000000000711e+01
2.873830909931908195e+01 3.210274578521663358e+01 -4.499999999999998579e+01
2.858040332636745973e+01 3.310336644962902852e+01 -4.500000000000001421e+01
2.837494071806646545e+01 3.409652615855151936e+01 -4.500000000000000711e+01
2.812147742780806325e+01 3.507814174307581112e+01 -4.500000000000000711e+01
2.784238371276720869e+01 3.605247505157298349e+01 -4.500000000000000000e+01
2.753331324536590330e+01 3.701825693030315279e+01 -4.499999999999994316e+01
2.713498133177131066e+01 3.794988241161441067e+01 -4.499999999999990763e+01
2.669916575278374182e+01 3.886532292914480990e+01 -4.499999999999998579e+01
2.624058249980531343e+01 3.976989348355746756e+01 -4.500000000000000000e+01
2.572936746178489642e+01 4.064403594430068267e+01 -4.500000000000001421e+01
2.512984962674632428e+01 4.146156782736222368e+01 -4.500000000000000000e+01
2.452035767745925199e+01 4.227145127364310184e+01 -4.499999999999998579e+01
2.382141228883004302e+01 4.300385896347769688e+01 -4.500000000000000000e+01
2.309610584757949425e+01 4.371287203685150047e+01 -4.500000000000000000e+01
2.230048263328627911e+01 4.433842264311836345e+01 -4.500000000000000000e+01
2.147064611488748653e+01 4.492247220298233401e+01 -4.499999999999999289e+01
2.061273401601341959e+01 4.546105547620781095e+01 -4.500000000000000711e+01
1.970914110268403263e+01 4.592096556234813676e+01 -4.500000000000000000e+01
1.878982424306628118e+01 4.634795839712958099e+01 -4.500000000000000000e+01
1.786774032605143958e+01 4.676893317996655242e+01 -4.500000000000000711e+01
1.693125126255239721e+01 4.715590919975747397e+01 -4.500000000000000711e+01
1.597296086064040033e+01 4.748686811361275772e+01 -4.499999999999998579e+01
1.501211129131556277e+01 4.780998431482021971e+01 -4.500000000000000711e+01
1.405175521717474219e+01 4.813450660503234246e+01 -4.499999999999997158e+01
1.308890737945147364e+01 4.845156431817338216e+01 -4.500000000000000711e+01
1.211969478638865105e+01 4.874797336639181822e+01 -4.500000000000000711e+01
1.113693668983183116e+01 4.899672281968358334e+01 -4.499999999999999289e+01
1.015196015796295015e+01 4.923611403557041655e+01 -4.500000000000000000e+01
9.166197399596381246e+00 4.947236685743942530e+01 -4.500000000000000711e+01
8.175952590401767139e+00 4.968938815122774599e+01 -4.499999999999999289e+01
7.182216028115391282e+00 4.988955066149134865e+01 -4.499999999999999289e+01
6.185635117442980224e+00 5.007518168650442902e+01 -4.499999999999997868e+01
5.184594743560627883e+00 5.023506347940868011e+01 -4.500000000000001421e+01
4.178527934361886409e+00 5.035940993066731863e+01 -4.500000000000000000e+01
3.168990176163893224e+00 5.045106697295318554e+01 -4.499999999999999289e+01
2.157830907111933705e+00 5.052310969931725992e+01 -4.499999999999999289e+01
1.144958125976176744e+00 5.056550533386927526e+01 -4.500000000000000000e+01
1.316266295891393157e-01 5.058713192462631270e+01 -4.500000000000000711e+01
-8.821758482654289413e-01 5.058692618061477475e+01 -4.499999999999998579e+01
-1.895243036701719008e+00 5.054987920554218306e+01 -4.500000000000002842e+01
-2.907574657978174049e+00 5.050099873074243817e+01 -4.499999999999998579e+01
-3.918426816542972091e+00 5.042227410895635131e+01 -4.500000000000001421e+01
-4.926396804328030399e+00 5.031601058229017553e+01 -4.500000000000004263e+01
-5.928993153139569650e+00 5.016667942101747002e+01 -4.500000000000007816e+01
-6.928642770865454992e+00 4.999805874068537292e+01 -4.500000000000000000e+01
-7.920489763306159503e+00 4.978863897324490040e+01 -4.500000000000002132e+01
-8.911076145707918172e+00 4.957441057354623126e+01 -4.500000000000000711e+01
-9.896772682361621776e+00 4.933751026863410516e+01 -4.500000000000000000e+01
-1.087961970241727094e+01 4.908980501063150115e+01 -4.499999999999997868e+01
-1.186093140745463792e+01 4.883538825049701870e+01 -4.500000000000000000e+01
-1.283297140497838917e+01 4.854888434956016852e+01 -4.500000000000000000e+01
-1.378821117458127432e+01 4.820913532250008871e+01 -4.500000000000000711e+01
-1.474591475983864797e+01 4.787682571454099900e+01 -4.500000000000000000e+01
-1.570121198868087831e+01 4.753758103952343106e+01 -4.500000000000001421e+01
-1.665747439198893076e+01 4.720102783697288373e+01 -4.499999999999998579e+01
-1.759779445271248477e+01 4.682378309869493194e+01 -4.500000000000000000e+01
-1.851753845610102900e+01 4.639672384512273595e+01 -4.500000000000000000e+01
-1.943822527416622137e+01 4.597268050420419883e+01 -4.500000000000000000e+01
-2.034827104252499907e+01 4.552591589774114311e+01 -4.500000000000000711e+01
-2.122124457275422671e+01 4.501102904567826357e+01 -4.500000000000000711e+01
-2.205540339075142953e+01 4.443530735617633809e+01 -4.500000000000002132e+01
-2.288359454355524392e+01 4.385134833453901138e+01 -4.500000000000000711e+01
-2.364417521701865610e+01 4.317912825528164689e+01 -4.500000000000002842e+01
-2.435224326197711520e+01 4.245402309388813933e+01 -4.500000000000001421e+01
-2.497950898367073691e+01 4.165824806828864268e+01 -4.500000000000001421e+01
-2.558378921261642702e+01 4.084396648895916826e+01 -4.500000000000000000e+01
-2.614089294899042315e+01 3.999849661385236743e+01 -4.500000000000002842e+01
-2.659854928806675645e+01 3.909268948726835902e+01 -4.500000000000000711e+01
-2.702217179158500215e+01 3.817111928378220398e+01 -4.499999999999992184e+01
-2.744995757369102307e+01 3.725250446141148331e+01 -4.500000000000001421e+01
-2.778022370921213380e+01 3.629366262509592644e+01 -4.500000000000001421e+01
-2.804538897394918706e+01 3.531516274272305367e+01 -4.499999999999999289e+01
-2.830762063797509143e+01 3.433573283586490277e+01 -4.499999999999998579e+01
-2.851354611152419594e+01 3.334380263181026294e+01 -4.499999999999997868e+01
-2.870181396878382785e+01 3.234763410235800762e+01 -4.499999999999998579e+01
-2.881566924869609281e+01 3.134023540016035980e+01 -4.500000000000000711e+01
-2.890316670239215213e+01 3.033082519661675036e+01 -4.499999999999997868e+01
-2.891437735241705198e+01 2.931616738645663744e+01 -4.499999999999999289e+01
-2.886477705576858099e+01 2.830421280657833094e+01 -4.499999999999998579e+01
-2.875461534731539714e+01 2.729617171158913180e+01 -4.500000000000003553e+01
-2.855393774669241580e+01 2.630177838682649138e+01 -4.499999999999998579e+01
-2.828660121194883459e+01 2.532436876165278861e+01 -4.500000000000000000e+01
