-3.592225375611135973e+01 2.549212396437442507e+01 4.500000000000001421e+01
-3.586774318039161358e+01 2.448564249073890764e+01 4.500000000000000000e+01
-3.579363147472628270e+01 2.348048148920609890e+01 4.500000000000000711e+01
-3.570658467630443766e+01 2.247647714673196617e+01 4.500000000000001421e+01
-3.560537627607789801e+01 2.147381571319031934e+01 4.500000000000000000e+01
-3.548477157738312826e+01 2.047322211939293979e+01 4.500000000000000711e+01
-3.533625535807977514e+01 1.947623713624594188e+01 4.500000000000000000e+01
-3.515633972962350384e+01 1.848437216835287700e+01 4.499999999999999289e+01
-3.495271324223136844e+01 1.749710181270967269e+01 4.499999999999998579e+01
-3.471016065445408572e+01 1.651887778638139537e+01 4.500000000000000711e+01
-3.442240133632610366e+01 1.555337343206206668e+01 4.499999999999999289e+01
-3.408539882316072323e+01 1.460439062591181525e+01 4.500000000000001421e+01
-3.371296796930762696e+01 1.366889218683252771e+01 4.499999999999999289e+01
-3.325102659467202670e+01 1.277290508456431439e+01 4.500000000000001421e+01
-3.270102143906825631e+01 1.193014396348917927e+01 4.499999999999999289e+01
-3.208837847413879274e+01 1.113200958151226949e+01 4.500000000000001421e+01
-3.134734005497441345e+01 1.045019602685277960e+01 4.500000000000000000e+01
-3.053848598630487388e+01 9.851572813364649406e+00 4.499999999999999289e+01
-2.962344004677632014e+01 9.430681085978264377e+00 4.500000000000000000e+01
-2.867441939912884052e+01 9.103811099353618985e+00 4.500000000000000711e+01
-2.767670643146477616e+01 8.943431612127618280e+00 4.499999999999997868e+01
-2.667212543077410913e+01 8.956209569756694577e+00 4.500000000000000000e+01
-2.567035017727416246e+01 9.046189775389295917e+00 4.500000000000000000e+01
-2.470157587824652978e+01 9.329633303122266241e+00 4.500000000000001421e+01
-2.376606004173790154e+01 9.701474965864875344e+00 4.500000000000002132e+01
-2.285399421919916563e+01 1.012863329079082497e+01 4.500000000000000000e+01
-2.202519754840508170e+01 1.069925668395044127e+01 4.500000000000000000e+01
-2.119193431972895780e+01 1.126728369159561360e+01 4.499999999999998579e+01
-2.043317651788205680e+01 1.193018316513185795e+01 4.500000000000000711e+01
-1.965449604669386829e+01 1.257068705768235262e+01 4.500000000000001421e+01
-1.892722124004867368e+01 1.326830134316088028e+01 4.500000000000000000e+01
-1.816773825298935208e+01 1.393102106149068220e+01 4.500000000000000000e+01
-1.743580108966045827e+01 1.462376540972788774e+01 4.499999999999999289e+01
-1.666744153176873766e+01 1.527608337007768213e+01 4.500000000000000000e+01
-1.590610475399902057e+01 1.593660149525510406e+01 4.499999999999999289e+01
-1.510943513031305763e+01 1.655413298279862389e+01 4.500000000000000000e+01
-1.430431235676542023e+01 1.716075616522162406e+01 4.500000000000001421e+01
-1.346837049406207321e+01 1.772400127127599134e+01 4.500000000000002842e+01
-1.261306486712288510e+01 1.825738820666471440e+01 4.500000000000000711e+01
-1.173539857826138544e+01 1.875282235904176176e+01 4.500000000000000000e+01
-1.082468824910527516e+01 1.918470819243542991e+01 4.500000000000000000e+01
-9.914196822246291063e+00 1.961587968464070997e+01 4.500000000000000000e+01
-8.976508270965506853e+00 1.998761361813619075e+01 4.500000000000002132e+01
-8.014776062594817674e+00 2.028640132729057655e+01 4.500000000000000711e+01
-7.052476584114370617e+00 2.058655072175803014e+01 4.500000000000000000e+01
-6.070924603972908784e+00 2.081280999684148014e+01 4.500000000000005684e+01
-5.081415339581850432e+00 2.100626127865448467e+01 4.500000000000009237e+01
-4.088189266248716258e+00 2.117911579773112507e+01 4.500000000000001421e+01
-3.085793802044859646e+00 2.128472769784332996e+01 4.499999999999999289e+01
-2.082504508349161121e+00 2.137446832005935349e+01 4.500000000000000000e+01
-1.075648307377884860e+00 2.142674550028564084e+01 4.500000000000000000e+01
-6.803700100905774040e-02 2.143527531169584321e+01 4.499999999999999289e+01
9.397191534219477838e-01 2.142666206268804885e+01 4.499999999999999289e+01
1.946393534637007150e+00 2.137329467907299119e+01 4.500000000000000711e+01
2.950639622551392893e+00 2.128885116924395149e+01 4.500000000000000000e+01
3.951671466476888384e+00 2.117102229738337726e+01 4.500000000000001421e+01
4.945735939644096746e+00 2.100538989502822673e+01 4.500000000000004263e+01
5.936719460012011673e+00 2.082087487844136220e+01 4.500000000000012079e+01
6.917351116998450067e+00 2.058863570022041856e+01 4.500000000000001421e+01
7.889663719084526683e+00 2.032295088045072262e+01 4.500000000000001421e+01
8.846211671647283836e+00 2.000495083371389526e+01 4.500000000000001421e+01
9.784415195197007975e+00 1.963728485368778109e+01 4.499999999999999289e+01
1.071306559742300912e+01 1.924525992859615187e+01 4.499999999999999289e+01
1.161277766172558223e+01 1.879280608621940019e+01 4.500000000000001421e+01
1.249738180362872875e+01 1.831057150866768524e+01 4.500000000000000711e+01
1.335583649719969479e+01 1.778383515980992513e+01 4.500000000000000000e+01
1.419852418107975112e+01 1.723242432324465412e+01 4.500000000000000711e+01
1.500726380427114215e+01 1.663125137672338028e+01 4.500000000000001421e+01
1.581106790003487106e+01 1.602417494250313368e+01 4.500000000000000711e+01
1.657438624388712256e+01 1.536610811773304341e+01 4.500000000000002842e+01
1.734804995561990992e+01 1.472046585241817951e+01 4.500000000000000711e+01
1.808006841396943898e+01 1.402771842459270779e+01 4.500000000000000000e+01
1.884163490043031786e+01 1.336753148381104417e+01 4.499999999999999289e+01
1.956654238103626042e+01 1.266708417101278172e+01 4.499999999999998579e+01
2.034325017180961126e+01 1.202495415976243187e+01 4.500000000000000711e+01
2.109603810770587984e+01 1.135418564224866422e+01 4.500000000000001421e+01
2.192281979750843490e+01 1.077827091888231337e+01 4.500000000000001421e+01
2.274333900934541930e+01 1.019298350190079461e+01 4.500000000000000711e+01
2.364979957311726722e+01 9.751585698175396999e+00 4.500000000000002132e+01
2.456056730443129155e+01 9.325779606901429375e+00 4.500000000000004263e+01
2.553962790899803892e+01 9.072639615962724946e+00 4.499999999999998579e+01
2.653191914426081865e+01 8.941136388004288449e+00 4.500000000000001421e+01
2.753807643172788744e+01 8.883838075659909350e+00 4.500000000000000711e+01
2.853260820310615031e+01 9.060958051866419893e+00 4.499999999999999289e+01
2.950282219787159832e+01 9.297886659930199471e+00 4.500000000000002132e+01
3.042455997700311698e+01 9.720788922263066567e+00 4.500000000000000000e+01
3.125703157854740866e+01 1.027732099353450224e+01 4.500000000000002132e+01
3.200821566298800747e+01 1.095974342113646394e+01 4.500000000000000711e+01
3.265402035189775631e+01 1.173087852108206874e+01 4.499999999999998579e+01
3.316820924557195838e+01 1.260067291080926921e+01 4.499999999999999289e+01
3.368517289959294203e+01 1.346453289654826158e+01 4.499999999999999289e+01
3.407586241143359018e+01 1.439450130172398623e+01 4.500000000000000000e+01
3.437904117173555107e+01 1.535543101153664480e+01 4.499999999999999289e+01
3.466954425365116776e+01 1.631911995914127189e+01 4.500000000000002132e+01
3.493774811618618514e+01 1.729032737706809897e+01 4.500000000000002132e+01
3.514416835711970322e+01 1.827729377476559947e+01 4.499999999999999289e+01
3.533546557847667913e+01 1.926684662455889807e+01 4.500000000000002842e+01
3.547398351189320209e+01 2.026496393975498833e+01 4.499999999999995737e+01
3.559452748740175565e+01 2.126526856245975239e+01 4.500000000000000711e+01
3.570971201643568804e+01 2.226654589917272986e+01 4.500000000000001421e+01
3.579859671177682401e+01 2.327054931111393188e+01 4.499999999999999289e+01
3.586386333719045183e+01 2.427626583665082194e+01 4.500000000000000000e+01
3.591751778585288690e+01 2.528257278235279770e+01 4.500000000000002132e+01
3.596415486660794869e+01 2.628931771340851498e+01 4.500000000000000000e+01
3.599135818284530330e+01 2.729694730733689667e+01 4.500000000000000000e+01
3.600376799246514281e+01 2.830471579233352841e+01 4.500000000000000711e+01
3.601064784549953401e+01 2.931263184727773563e+01 4.500000000000001421e+01
3.599832858242007205e+01 3.032051237267643984e+01 4.500000000000000711e+01
3.597962513630943704e+01 3.132827478749601013e+01 4.499999999999999289e+01
3.594528858454996367e+01 3.233562436067069967e+01 4.499999999999999289e+01
3.590550717272854087e+01 3.334275715310371879e+01 4.499999999999998579e+01
3.585192197108646894e+01 3.434929444003383026e+01 4.499999999999999289e+01
3.578625794832883855e+01 3.535501511804185526e+01 4.499999999999998579e+01
3.572053426618135319e+01 3.636077262690859158e+01 4.500000000000002132e+01
3.563184318729076239e+01 3.736484556782274069e+01 4.500000000000000000e+01
3.554048104850319589e+01 3.836848418518145110e+01 4.499999999999997158e+01
3.544461471874342351e+01 3.937179079507418322e+01 4.499999999999996447e+01
3.532009414388080870e+01 4.037219715817128929e+01 4.499999999999982947e+01
3.519649971012131573e+01 4.137272794746231597e+01 4.499999999999993605e+01
3.504007449525909834e+01 4.236811247396897784e+01 4.500000000000000000e+01
3.488482686837678415e+01 4.336404087740115187e+01 4.499999999999998579e+01
3.469270213558289839e+01 4.435359893796086084e+01 4.500000000000002132e+01
3.446559994496617207e+01 4.533500112373209134e+01 4.500000000000000000e+01
3.422745504995654642e+01 4.631373053876242096e+01 4.500000000000000711e+01
3.393374235262045602e+01 4.727818534439748532e+01 4.500000000000000711e+01
3.357861419999763086e+01 4.822209632256805634e+01 4.500000000000000711e+01
3.315695915001877836e+01 4.913785849652338555e+01 4.500000000000000000e+01
3.265361003841772458e+01 5.000779037489117229e+01 4.499999999999999289e+01
3.207320955543897156e+01 5.083014736655227495e+01 4.500000000000002132e+01
3.141690529643130247e+01 5.159110757228521038e+01 4.500000000000001421e+01
3.066615764259356069e+01 5.226268088993429473e+01 4.500000000000000711e+01
2.985324560670049010e+01 5.285824569661094330e+01 4.499999999999999289e+01
2.897193388381857915e+01 5.334828910136972979e+01 4.499999999999999289e+01
2.805915052543758037e+01 5.377695910250567124e+01 4.499999999999998579e+01
2.710988285474958914e+01 5.411331795998663807e+01 4.500000000000000711e+01
2.614797342122673030e+01 5.440972737102731571e+01 4.500000000000000711e+01
2.517438999167241676e+01 5.467018594761184858e+01 4.500000000000000000e+01
2.418744949552791823e+01 5.487626850959627944e+01 4.500000000000001421e+01
2.319628160277238038e+01 5.505786505375356654e+01 4.500000000000007105e+01
2.220065771569798230e+01 5.521669708677298161e+01 4.500000000000004974e+01
2.120154536937478795e+01 5.534711560272884867e+01 4.499999999999999289e+01
2.020112342521866466e+01 5.547078918545574311e+01 4.500000000000000000e+01
1.919792445366406142e+01 5.556735998530304954e+01 4.500000000000000711e+01
1.819469430918526598e+01 5.566302981002118599e+01 4.500000000000000711e+01
1.719114614632744775e+01 5.575699922449569357e+01 4.499999999999998579e+01
1.618594306619397827e+01 5.583036388625613000e+01 4.500000000000000711e+01
1.518109167453052777e+01 5.590773672645200776e+01 4.500000000000000000e+01
1.417623571809252780e+01 5.598599913112211368e+01 4.500000000000000711e+01
1.317014859175462149e+01 5.604662129023657258e+01 4.499999999999999289e+01
1.216455285622442695e+01 5.611395604998124043e+01 4.500000000000000000e+01
1.115886725774361388e+01 5.618065876972248418e+01 4.499999999999999289e+01
1.015221220608575869e+01 5.623166388875475263e+01 4.499999999999999289e+01
9.146009710599573239e+00 5.628955229103370783e+01 4.499999999999999289e+01
8.139507098522379636e+00 5.634307021965746998e+01 4.500000000000000000e+01
7.132373595583377579e+00 5.638381544376910171e+01 4.500000000000000000e+01
6.125463009444820806e+00 5.642844958180194936e+01 4.500000000000000000e+01
5.118175975808519240e+00 5.646519126240922759e+01 4.500000000000001421e+01
4.110623629426378045e+00 5.649338268733171020e+01 4.499999999999997158e+01
3.103029140030005184e+00 5.651976717547589857e+01 4.500000000000001421e+01
2.095221109466794740e+00 5.653695582701585920e+01 4.499999999999998579e+01
1.087349228846339333e+00 5.654966619390727800e+01 4.499999999999997868e+01
7.940071842114210243e-02 5.655382564953278290e+01 4.499999999999998579e+01
-9.285180120489465727e-01 5.655126672060242754e+01 4.500000000000000711e+01
-1.936479873212318070e+00 5.654507340037241647e+01 4.500000000000001421e+01
-2.944215755351085484e+00 5.652547528475593452e+01 4.499999999999999289e+01
-3.951946885521870456e+00 5.650589800938420382e+01 4.500000000000000711e+01
-4.959511530688187619e+00 5.647720554917896152e+01 4.499999999999998579e+01
-5.966545443767135914e+00 5.643626862989093951e+01 4.500000000000002132e+01
-6.973935015038773777e+00 5.640203711962969635e+01 4.499999999999998579e+01
-7.980527739457125236e+00 5.635040658271277181e+01 4.500000000000001421e+01
-8.986881892405055083e+00 5.629580518333976613e+01 4.500000000000000000e+01
-9.993603231189403857e+00 5.624581754529771871e+01 4.499999999999998579e+01
-1.099905263007337552e+01 5.617589861519287808e+01 4.500000000000001421e+01
-1.200514580086677618e+01 5.611602708100569004e+01 4.499999999999999289e+01
-1.301072916317017025e+01 5.604787977660426890e+01 4.499999999999998579e+01
-1.401544952424176138e+01 5.596840215258770712e+01 4.500000000000001421e+01
-1.502120889950690064e+01 5.590277985516065939e+01 4.499999999999999289e+01
-1.602539696977367711e+01 5.581624361040910287e+01 4.499999999999999289e+01
-1.702985541239775458e+01 5.573419008189119950e+01 4.500000000000000711e+01
-1.803443435232660264e+01 5.565284037657654892e+01 4.500000000000000000e+01
-1.903683793434892024e+01 5.554706543001084640e+01 4.500000000000000000e+01
-2.004042273957782072e+01 5.545560348939716988e+01 4.499999999999998579e+01
-2.104165917036350208e+01 5.533880447776417810e+01 4.500000000000000711e+01
-2.204188571656962026e+01 5.521829273184282982e+01 4.500000000000002132e+01
-2.303745175774276532e+01 5.506006382223122131e+01 4.499999999999997158e+01
-2.403293261280206394e+01 5.489810433687405578e+01 4.500000000000000711e+01
-2.501374983543010089e+01 5.466727562036217591e+01 4.499999999999999289e+01
-2.599703778403635823e+01 5.444851666944538948e+01 4.500000000000000000e+01
-2.695841968299565394e+01 5.414500635063371448e+01 4.500000000000002132e+01
-2.792137260455694303e+01 5.385261805104929778e+01 4.500000000000000000e+01
-2.884937645590841271e+01 5.345416096576840914e+01 4.500000000000000000e+01
-2.970743726465732237e+01 5.292654113838933938e+01 4.500000000000000000e+01
-3.057021193790273017e+01 5.240614645517141668e+01 4.500000000000000711e+01
-3.133897267923444474e+01 5.175469780886589888e+01 4.499999999999999289e+01
-3.202615648454940356e+01 5.101721975445566670e+01 4.500000000000003553e+01
-3.262515426996408507e+01 5.020730859812093883e+01 4.500000000000000711e+01
-3.309541040052646110e+01 4.931537784586831918e+01 4.499999999999999289e+01
-3.357686131802316964e+01 4.843146098663586230e+01 4.499999999999999289e+01
-3.393922542678240006e+01 4.748882189629746620e+01 4.500000000000000711e+01
-3.420345163643867181e+01 4.651753850694314707e+01 4.499999999999999289e+01
-3.448395707023587420e+01 4.554913956267527197e+01 4.500000000000000000e+01
-3.467930342885424011e+01 4.456071768660302723e+01 4.500000000000001421e+01
-3.489565142276286736e+01 4.357659898821557221e+01 4.500000000000000000e+01
-3.504566490351316332e+01 4.257947875087933198e+01 4.500000000000000711e+01
-3.521133085761444192e+01 4.158573348908115719e+01 4.499999999999997868e+01
-3.533520165751055941e+01 4.058496325443397268e+01 4.500000000000001421e+01
-3.544299371980190472e+01 3.958272399386235918e+01 4.500000000000001421e+01
-3.553260654609641023e+01 3.857899891607045362e+01 4.500000000000000711e+01
-3.563161404170552515e+01 3.757580176355213553e+01 4.500000000000000000e+01
-3.569996841705009416e+01 3.657027295710843617e+01 4.500000000000001421e+01
-3.577694872785714608e+01 3.556535925806016962e+01 4.499999999999999289e+01
-3.583636350217035726e+01 3.455916568168602510e+01 4.500000000000000711e+01
-3.588406364552572825e+01 3.355250195355009879e+01 4.500000000000000000e+01
-3.593450820996841344e+01 3.254580675657265232e+01 4.499999999999998579e+01
-3.596041664420007322e+01 3.153820431948890857e+01 4.499999999999999289e+01
-3.598680589538002295e+01 3.053069027970611415e+01 4.499999999999999289e+01
-3.599782402553231009e+01 2.952277252122079432e+01 4.499999999999999289e+01
-3.599606901578648888e+01 2.851487032610295103e+01 4.500000000000000000e+01
-3.598569156879917585e+01 2.750698354752121588e+01 4.499999999999999289e+01
-3.595906836122004790e+01 2.649939568797495681e+01 4.500000000000001421e+01
-3.592225375611135973e+01 2.549212396437441797e+01 4.500000000000000000e+01
