-3.293548827789312838e+01 -2.761904907226562500e+01 -4.499999999999999289e+01
-3.287178370813988693e+01 -2.661394981761923617e+01 -4.500000000000000000e+01
-3.279432756761937640e+01 -2.561037273397844061e+01 -4.500000000000000000e+01
-3.269125840986929887e+01 -2.460867438855723677e+01 -4.500000000000000711e+01
-3.254224617556199206e+01 -2.361258300632555773e+01 -4.500000000000000000e+01
-3.235824722346235660e+01 -2.262288330425189997e+01 -4.500000000000000000e+01
-3.214887814022532808e+01 -2.163810323961336124e+01 -4.499999999999997868e+01
-3.184137050751834153e+01 -2.068011282258721906e+01 -4.500000000000000000e+01
-3.150837484522138965e+01 -1.972947993941766143e+01 -4.500000000000000000e+01
-3.108461292644096474e+01 -1.881615222289442357e+01 -4.499999999999997868e+01
-3.065290472687332013e+01 -1.790665947267109459e+01 -4.500000000000000000e+01
-3.004744326828022594e+01 -1.710233042401721448e+01 -4.500000000000000711e+01
-2.939442324767141912e+01 -1.632289316888884301e+01 -4.500000000000000711e+01
-2.857701442387785917e+01 -1.574257403515606590e+01 -4.499999999999998579e+01
-2.769080087475051855e+01 -1.525077535451239008e+01 -4.499999999999998579e+01
-2.670948697109688652e+01 -1.507899113082294207e+01 -4.499999999999999289e+01
-2.571578009508742468e+01 -1.494062169854100297e+01 -4.500000000000000000e+01
-2.471505248501732410e+01 -1.510455807146111873e+01 -4.500000000000000000e+01
-2.375625782637805017e+01 -1.536998750457363272e+01 -4.500000000000000711e+01
-2.279398578423450772e+01 -1.567212910324037622e+01 -4.499999999999997158e+01
-2.191221325784325202e+01 -1.615786321200796039e+01 -4.499999999999999289e+01
-2.101165279853901424e+01 -1.660343853149673876e+01 -4.500000000000000711e+01
-2.015394963986919308e+01 -1.713081429789687249e+01 -4.499999999999999289e+01
-1.929455822540518284e+01 -1.765198980260268868e+01 -4.500000000000000000e+01
-1.844581761396888453e+01 -1.819270266085315413e+01 -4.500000000000010658e+01
-1.759226727477329177e+01 -1.872549733153110552e+01 -4.500000000000004974e+01
-1.673286069893585548e+01 -1.924885714848096541e+01 -4.499999999999998579e+01
-1.586640672857012113e+01 -1.976082183171925877e+01 -4.499999999999999289e+01
-1.498614160948986829e+01 -2.024672689636449618e+01 -4.500000000000001421e+01
-1.409652228199015056e+01 -2.071590491922114907e+01 -4.500000000000000000e+01
-1.318016757960835861e+01 -2.113337481942274820e+01 -4.499999999999999289e+01
-1.226758563294272442e+01 -2.155766518780794172e+01 -4.499999999999999289e+01
-1.132687885749476742e+01 -2.191689587288157881e+01 -4.499999999999999289e+01
-1.036912127787721793e+01 -2.222854273492261257e+01 -4.500000000000001421e+01
-9.409427926271423104e+00 -2.253426075790880390e+01 -4.499999999999999289e+01
-8.433730455114437419e+00 -2.278163504188747979e+01 -4.499999999999999289e+01
-7.452586816547552395e+00 -2.300572553822900801e+01 -4.499999999999999289e+01
-6.463072586845390433e+00 -2.319327710765676898e+01 -4.500000000000000000e+01
-5.466368824361141243e+00 -2.333871953975465985e+01 -4.499999999999999289e+01
-4.466141575365196736e+00 -2.345527879871879406e+01 -4.500000000000000000e+01
-3.464895540598710078e+00 -2.356239004196081055e+01 -4.500000000000002842e+01
-2.460997395404626698e+00 -2.364164291169658938e+01 -4.500000000000000000e+01
-1.455054231006980281e+00 -2.368903073867188880e+01 -4.499999999999999289e+01
-4.484388893013032118e-01 -2.371690198909681158e+01 -4.500000000000002132e+01
5.587119463516898588e-01 -2.371710616997486198e+01 -4.499999999999998579e+01
1.565240973098285693e+00 -2.369173016204386428e+01 -4.500000000000002132e+01
2.571570199103671239e+00 -2.365372452716542284e+01 -4.499999999999998579e+01
3.575299450230886578e+00 -2.356952403224699921e+01 -4.500000000000000711e+01
4.577179334311025194e+00 -2.347093851118158625e+01 -4.500000000000000711e+01
5.576827011662705225e+00 -2.335026001237551796e+01 -4.500000000000000000e+01
6.573021963898799669e+00 -2.319892519669155106e+01 -4.500000000000001421e+01
7.557600974346128986e+00 -2.299244003761758748e+01 -4.500000000000000711e+01
8.544086624113065298e+00 -2.278905999619709632e+01 -4.500000000000000000e+01
9.510146246406039339e+00 -2.250631964582405686e+01 -4.499999999999997868e+01
1.047595805838374972e+01 -2.222193840904514417e+01 -4.500000000000000000e+01
1.142742040405362580e+01 -2.188996437119773120e+01 -4.500000000000000711e+01
1.235555200464888337e+01 -2.150186772014842518e+01 -4.500000000000000711e+01
1.328167367986836211e+01 -2.110574420479355950e+01 -4.500000000000000000e+01
1.418536783148091551e+01 -2.066124939531646021e+01 -4.500000000000000000e+01
1.507848713429354959e+01 -2.019627565014670623e+01 -4.500000000000000711e+01
1.595521995376010160e+01 -1.970062636669181444e+01 -4.500000000000000711e+01
1.681444254718623199e+01 -1.917537384262552891e+01 -4.500000000000000000e+01
1.766825606439683582e+01 -1.864132708573303177e+01 -4.500000000000000000e+01
1.852529259810478734e+01 -1.811251661296849491e+01 -4.500000000000002132e+01
1.936914312067519006e+01 -1.756229058024253931e+01 -4.499999999999998579e+01
2.023928718869948895e+01 -1.705561416477462089e+01 -4.500000000000000000e+01
2.109469611381021892e+01 -1.652372523646366886e+01 -4.500000000000000000e+01
2.199631272888424149e+01 -1.607719469326465500e+01 -4.500000000000000000e+01
2.289793677811875483e+01 -1.562957638033654462e+01 -4.499999999999999289e+01
2.385015951419491742e+01 -1.529229677414787680e+01 -4.500000000000002132e+01
2.482692620516849757e+01 -1.507141783783818489e+01 -4.500000000000000000e+01
2.583146224795353518e+01 -1.496988648651403508e+01 -4.500000000000000000e+01
2.682986152347573494e+01 -1.509549515192706970e+01 -4.499999999999998579e+01
2.779335062349238683e+01 -1.537426829032546571e+01 -4.499999999999999289e+01
2.866670534113254476e+01 -1.587682423633109785e+01 -4.500000000000000000e+01
2.945359118540644516e+01 -1.649831810108570451e+01 -4.500000000000000711e+01
3.010450285931300130e+01 -1.726702401791131436e+01 -4.500000000000000711e+01
3.068921285235365914e+01 -1.808567531437667597e+01 -4.499999999999999289e+01
3.114414186759098868e+01 -1.898407709570988544e+01 -4.499999999999999289e+01
3.153224750096640605e+01 -1.991292971662022993e+01 -4.500000000000000711e+01
3.186700115449770720e+01 -2.086214072825134735e+01 -4.500000000000000711e+01
3.215506580986594543e+01 -2.182677603909640851e+01 -4.500000000000000000e+01
3.237257318621710311e+01 -2.281005197167030119e+01 -4.500000000000001421e+01
3.254566022040967255e+01 -2.380195198401331069e+01 -4.499999999999998579e+01
3.268628990006222068e+01 -2.479897690986810943e+01 -4.500000000000000711e+01
3.279626382772966764e+01 -2.579997155733529368e+01 -4.500000000000001421e+01
3.287021628517722860e+01 -2.680431412534135660e+01 -4.499999999999999289e+01
3.292114388127226476e+01 -2.781003037534324918e+01 -4.499999999999999289e+01
3.294232388332245165e+01 -2.881698604395093355e+01 -4.500000000000000000e+01
3.293525219508627089e+01 -2.982381417565709825e+01 -4.500000000000000000e+01
3.291585452162198777e+01 -3.083075849032681148e+01 -4.500000000000001421e+01
3.285729211750521017e+01 -3.183612819092758528e+01 -4.500000000000001421e+01
3.279380844126018246e+01 -3.284093454294950476e+01 -4.499999999999999289e+01
3.270301088135839507e+01 -3.384402299546999160e+01 -4.499999999999999289e+01
3.259120273337280338e+01 -3.484458943719527468e+01 -4.500000000000002132e+01
3.247513939876645850e+01 -3.584495370787121260e+01 -4.500000000000001421e+01
3.232203109157295273e+01 -3.684039885759048616e+01 -4.500000000000002132e+01
3.216852103978084898e+01 -3.783557568298380147e+01 -4.500000000000000000e+01
3.197487096486245406e+01 -3.882402870416254359e+01 -4.499999999999998579e+01
3.174262748555945279e+01 -3.980399127275298099e+01 -4.499999999999999289e+01
3.150664489276539371e+01 -4.078262886242918484e+01 -4.500000000000000000e+01
3.123147262911094657e+01 -4.175145272047932821e+01 -4.500000000000000000e+01
3.095875709664721143e+01 -4.272054864016494236e+01 -4.500000000000007816e+01
3.062616312985028344e+01 -4.367168078911728912e+01 -4.500000000000004263e+01
3.019861960733391015e+01 -4.458313708761421168e+01 -4.500000000000002842e+01
2.976518903310419972e+01 -4.549216516254777076e+01 -4.499999999999998579e+01
2.925977854789673316e+01 -4.636410672516534248e+01 -4.500000000000000000e+01
2.866797166702157540e+01 -4.717888691292949943e+01 -4.500000000000000000e+01
2.800137315101300572e+01 -4.793571221533865412e+01 -4.499999999999999289e+01
2.726347932183498202e+01 -4.862164188307492907e+01 -4.500000000000000000e+01
2.645337720181981567e+01 -4.921986124188988043e+01 -4.499999999999998579e+01
2.559340012050744306e+01 -4.974586252110602658e+01 -4.499999999999998579e+01
2.470361708762147046e+01 -5.021748891969339468e+01 -4.499999999999998579e+01
2.376729724474476768e+01 -5.058622089942643640e+01 -4.500000000000003553e+01
2.282264868962333537e+01 -5.093516772347696531e+01 -4.500000000000000000e+01
2.185518088869473274e+01 -5.121430671310934457e+01 -4.500000000000000000e+01
2.088956991415063769e+01 -5.149934636786150577e+01 -4.499999999999998579e+01
1.991018495066450811e+01 -5.173490879067338710e+01 -4.500000000000001421e+01
1.892894048604421542e+01 -5.196106770317895496e+01 -4.499999999999998579e+01
1.793786465144728126e+01 -5.213934652508454803e+01 -4.499999999999999289e+01
1.694572770280429808e+01 -5.231222303359992054e+01 -4.500000000000000000e+01
1.595119658672338225e+01 -5.246999142393462279e+01 -4.500000000000000000e+01
1.495799820278944559e+01 -5.263661336889746423e+01 -4.500000000000000711e+01
1.396128875443806727e+01 -5.278056363363901937e+01 -4.500000000000001421e+01
1.296610801129012636e+01 -5.293432671230348774e+01 -4.500000000000000000e+01
1.196888133985283709e+01 -5.307469876206768333e+01 -4.500000000000000711e+01
1.097076557272791497e+01 -5.320810798442369816e+01 -4.500000000000001421e+01
9.972881097586817845e+00 -5.334347707897018864e+01 -4.499999999999998579e+01
8.971995213909778499e+00 -5.345577744334302395e+01 -4.499999999999998579e+01
7.970861435368781223e+00 -5.356517444251877436e+01 -4.500000000000000000e+01
6.967404582962738679e+00 -5.364886032706603203e+01 -4.499999999999998579e+01
5.963326379551104672e+00 -5.372746542661578673e+01 -4.500000000000000000e+01
4.958050223001266410e+00 -5.378615391019262404e+01 -4.500000000000002132e+01
3.952751702039770887e+00 -5.384584291194244088e+01 -4.499999999999999289e+01
2.946375029040631865e+00 -5.388407638325799098e+01 -4.499999999999998579e+01
1.939764494367604231e+00 -5.391120732831648610e+01 -4.500000000000001421e+01
9.328756446066185370e-01 -5.393138796446366712e+01 -4.499999999999998579e+01
-7.419732492184653860e-02 -5.393159575077757495e+01 -4.499999999999999289e+01
-1.081199756850541593e+00 -5.392340367905600118e+01 -4.500000000000001421e+01
-2.088033714597248292e+00 -5.390122111128399496e+01 -4.500000000000001421e+01
-3.094498292185950739e+00 -5.386673537660103506e+01 -4.499999999999998579e+01
-4.100558877325176432e+00 -5.382142212549116067e+01 -4.499999999999998579e+01
-5.105844584743452153e+00 -5.376177946062770019e+01 -4.500000000000000711e+01
-6.110770221813302427e+00 -5.369645397169455947e+01 -4.500000000000000000e+01
-7.114798175710039807e+00 -5.361786060060843084e+01 -4.499999999999999289e+01
-8.117968616548413507e+00 -5.352947839716232181e+01 -4.500000000000001421e+01
-9.119400036994340653e+00 -5.342298401005398034e+01 -4.500000000000009948e+01
-1.011987599813880045e+01 -5.330834494856158301e+01 -4.500000000000000711e+01
-1.111998643383694585e+01 -5.318986440552075834e+01 -4.500000000000000000e+01
-1.211804180191974645e+01 -5.305579929823103669e+01 -4.499999999999999289e+01
-1.311615077646722938e+01 -5.292236449927887776e+01 -4.500000000000000711e+01
-1.411410841822015527e+01 -5.278731477304171449e+01 -4.500000000000000711e+01
-1.510959537675603848e+01 -5.263519613701094357e+01 -4.499999999999999289e+01
-1.610503999579833945e+01 -5.248328848983939565e+01 -4.500000000000002132e+01
-1.709993709042723609e+01 -5.232741675404498238e+01 -4.500000000000000711e+01
-1.809167874607026150e+01 -5.215215949796444761e+01 -4.500000000000000000e+01
-1.908239874060488717e+01 -5.197175335015491981e+01 -4.500000000000003553e+01
-2.006457945984995206e+01 -5.174927239234364151e+01 -4.499999999999997868e+01
-2.104022503502609354e+01 -5.150002273175808654e+01 -4.500000000000000000e+01
-2.200895706850785061e+01 -5.122469276780264380e+01 -4.499999999999998579e+01
-2.296678031506796813e+01 -5.091358218739454600e+01 -4.500000000000000000e+01
-2.391069776135604030e+01 -5.056327908195250131e+01 -4.500000000000001421e+01
-2.482899816045952690e+01 -5.015124652455484977e+01 -4.500000000000004263e+01
-2.570742716652305404e+01 -4.965922258101742415e+01 -4.500000000000000711e+01
-2.655011449550240954e+01 -4.910807610227294617e+01 -4.499999999999997158e+01
-2.734239590349006477e+01 -4.848669598064982722e+01 -4.500000000000001421e+01
-2.805189053185578629e+01 -4.777205465800820150e+01 -4.499999999999999289e+01
-2.870557732215653246e+01 -4.700602869814294138e+01 -4.499999999999999289e+01
-2.927876682989839807e+01 -4.617832385119124439e+01 -4.500000000000000711e+01
-2.977328241980861989e+01 -4.530134208641056404e+01 -4.499999999999999289e+01
-3.022041876238008840e+01 -4.439933958483607057e+01 -4.500000000000002132e+01
-3.061766806808556396e+01 -4.347398674773313587e+01 -4.500000000000000711e+01
-3.095012397335959164e+01 -4.252343357111641353e+01 -4.499999999999999289e+01
-3.124520567985502240e+01 -4.156047410074781823e+01 -4.500000000000001421e+01
-3.150699454538689537e+01 -4.058818605048359274e+01 -4.500000000000000711e+01
-3.175616147662446309e+01 -3.961261164420879055e+01 -4.499999999999997868e+01
-3.197988074850478313e+01 -3.863062657038675951e+01 -4.500000000000001421e+01
-3.217740892994422808e+01 -3.764303129918814506e+01 -4.499999999999998579e+01
-3.234182535439558137e+01 -3.664946185575364268e+01 -4.500000000000000000e+01
-3.248745996979716466e+01 -3.565310338325129180e+01 -4.500000000000000000e+01
-3.261931983423158954e+01 -3.465469345377437094e+01 -4.499999999999998579e+01
-3.272566424216645942e+01 -3.365325664493671098e+01 -4.500000000000000711e+01
-3.281742604776457028e+01 -3.265039096110049854e+01 -4.500000000000000000e+01
-3.288368602598830392e+01 -3.164551660132260480e+01 -4.500000000000001421e+01
-3.293317569628393926e+01 -3.063973578829303790e+01 -4.499999999999999289e+01
-3.295686956559469394e+01 -2.963283836854656528e+01 -4.499999999999999289e+01
-3.295270769035067815e+01 -2.862600943018907884e+01 -4.500000000000001421e+01
-3.293548827789312838e+01 -2.761904907226562500e+01 -4.500000000000000000e+01
