-2.882121577467260565e+01 -2.761904907226562855e+01 -4.499999999999999289e+01
-2.864380812531730669e+01 -2.661909855647696688e+01 -4.500000000000000711e+01
-2.838392236851261785e+01 -2.564298761231284018e+01 -4.499999999999999289e+01
-2.807540432327744995e+01 -2.467744405941020247e+01 -4.500000000000000711e+01
-2.763471998874381441e+01 -2.376433869954063027e+01 -4.499999999999999289e+01
-2.708434995009996271e+01 -2.292616226199199758e+01 -4.499999999999992895e+01
-2.634065272353036136e+01 -2.222855868228392495e+01 -4.500000000000000000e+01
-2.547476219121013585e+01 -2.173932102025789348e+01 -4.500000000000000711e+01
-2.451021063957834656e+01 -2.139426644890563267e+01 -4.499999999999999289e+01
-2.351164852271157457e+01 -2.139812934429591706e+01 -4.500000000000000711e+01
-2.250572596164190387e+01 -2.142845279669165492e+01 -4.500000000000000000e+01
-2.151486775461696865e+01 -2.166413193959302319e+01 -4.500000000000000000e+01
-2.056182765985506222e+01 -2.198612116170592401e+01 -4.500000000000000000e+01
-1.959150329506381283e+01 -2.227893910074569206e+01 -4.499999999999999289e+01
-1.867691031185604800e+01 -2.271701986373950533e+01 -4.500000000000000711e+01
-1.773341548606172680e+01 -2.307981078470549718e+01 -4.499999999999999289e+01
-1.678275808224428900e+01 -2.343005659383212702e+01 -4.499999999999998579e+01
-1.585499211899731442e+01 -2.383700032363934440e+01 -4.500000000000000000e+01
-1.490200074431116839e+01 -2.417713754981763685e+01 -4.500000000000001421e+01
-1.394872174605998083e+01 -2.451590384743267848e+01 -4.499999999999987210e+01
-1.297373067683947667e+01 -2.479519460899923189e+01 -4.499999999999989342e+01
-1.200925702937242967e+01 -2.510420362016679263e+01 -4.500000000000000711e+01
-1.102891327006360100e+01 -2.536143968589940556e+01 -4.500000000000000000e+01
-1.003302636438811923e+01 -2.554968152530098990e+01 -4.500000000000000000e+01
-9.035287751760824548e+00 -2.572321810048073942e+01 -4.500000000000002842e+01
-8.033198917135614181e+00 -2.587521858581297352e+01 -4.500000000000000711e+01
-7.024833988606904001e+00 -2.598350121809417246e+01 -4.500000000000000000e+01
-6.017224494612620767e+00 -2.609796680952936043e+01 -4.500000000000002132e+01
-5.006844960705792325e+00 -2.617529982146531253e+01 -4.499999999999998579e+01
-3.996020632332695666e+00 -2.624919146168301154e+01 -4.500000000000002132e+01
-2.983631812742641110e+00 -2.630251231309395266e+01 -4.499999999999999289e+01
-1.970398932764416911e+00 -2.633131823531130777e+01 -4.500000000000000000e+01
-9.570226556816275876e-01 -2.635712846138207510e+01 -4.500000000000000000e+01
5.669770232597098891e-02 -2.636163695526013839e+01 -4.500000000000000000e+01
1.070383924312103163e+00 -2.636090565696134291e+01 -4.500000000000000000e+01
2.083947958324194438e+00 -2.634088510338225575e+01 -4.500000000000001421e+01
3.096894338828322102e+00 -2.630638376499148379e+01 -4.499999999999997868e+01
4.109904687110939037e+00 -2.627214074555704570e+01 -4.500000000000002132e+01
5.120652983884993681e+00 -2.619040410494655191e+01 -4.500000000000002842e+01
6.131003858414699081e+00 -2.611693198254013737e+01 -4.499999999999995026e+01
7.139292503979023152e+00 -2.600998039191391697e+01 -4.500000000000000000e+01
8.147190864958815837e+00 -2.589203333704057997e+01 -4.500000000000000000e+01
9.144538374280489990e+00 -2.571721073631757548e+01 -4.500000000000000711e+01
1.014644470261245957e+01 -2.556179299734422017e+01 -4.500000000000000000e+01
1.112919456188833145e+01 -2.531371435306574469e+01 -4.500000000000000000e+01
1.211757762058834764e+01 -2.509357045446935075e+01 -4.500000000000000711e+01
1.308401018378048875e+01 -2.478483569439560341e+01 -4.500000000000000000e+01
1.404519437534767512e+01 -2.446272852321036950e+01 -4.499999999999995737e+01
1.500701065153097069e+01 -2.414311259121842568e+01 -4.500000000000000000e+01
1.594104105513477343e+01 -2.374834731807816013e+01 -4.500000000000001421e+01
1.688409982395001663e+01 -2.337690180702706400e+01 -4.499999999999997868e+01
1.782142656888571253e+01 -2.299087698265220325e+01 -4.499999999999999289e+01
1.875211740416679973e+01 -2.258877504208850340e+01 -4.500000000000000000e+01
1.969199373194910407e+01 -2.220965665429584135e+01 -4.500000000000000711e+01
2.064842510544982446e+01 -2.187244725644188392e+01 -4.499999999999999289e+01
2.161696932544536409e+01 -2.157617500266806232e+01 -4.500000000000000000e+01
2.260879261840081966e+01 -2.136389715396920863e+01 -4.500000000000001421e+01
2.361934574665691144e+01 -2.129992179496390037e+01 -4.500000000000000000e+01
2.462513323671466026e+01 -2.139674101922091864e+01 -4.500000000000000711e+01
2.558834307286573662e+01 -2.172575087689559226e+01 -4.500000000000000000e+01
2.641067469683954272e+01 -2.230518864915187294e+01 -4.500000000000001421e+01
2.713894918806679257e+01 -2.300999082207244939e+01 -4.500000000000002132e+01
2.768512450259371249e+01 -2.386012471898029474e+01 -4.500000000000005684e+01
2.809355209557825006e+01 -2.478695345609431300e+01 -4.499999999999999289e+01
2.841713641181331695e+01 -2.574745944000306253e+01 -4.499999999999999289e+01
2.864874380899616924e+01 -2.673460242378505214e+01 -4.500000000000000711e+01
2.880961758026103325e+01 -2.773509664387280083e+01 -4.500000000000000000e+01
2.890181002486080430e+01 -2.874568587292872124e+01 -4.500000000000000000e+01
2.891037116559085618e+01 -2.975919939050594110e+01 -4.499999999999999289e+01
2.887775683042908170e+01 -3.077233675127436996e+01 -4.500000000000000000e+01
2.877289002719685485e+01 -3.178121779781860567e+01 -4.500000000000002132e+01
2.862011304665010414e+01 -3.278239515184752406e+01 -4.500000000000000000e+01
2.843400943521651669e+01 -3.377928456766915843e+01 -4.499999999999998579e+01
2.819129870573715380e+01 -3.476288976793057373e+01 -4.500000000000001421e+01
2.793661594318481534e+01 -3.574420158312491225e+01 -4.499999999999997868e+01
2.764466380118654953e+01 -3.671528780875858189e+01 -4.499999999999992895e+01
2.726345712964534940e+01 -3.765376723747395715e+01 -4.499999999999999289e+01
2.683819613596714149e+01 -3.857364251393971699e+01 -4.500000000000000000e+01
2.640668535842234377e+01 -3.949253722837862313e+01 -4.500000000000000000e+01
2.591415632557566440e+01 -4.037841375732511295e+01 -4.499999999999998579e+01
2.531655382183862102e+01 -4.119700408749291398e+01 -4.499999999999999289e+01
2.471456934377405190e+01 -4.201274707309565315e+01 -4.499999999999999289e+01
2.405227777990574367e+01 -4.277935785371617072e+01 -4.500000000000001421e+01
2.331636414107581601e+01 -4.347745352776597372e+01 -4.500000000000001421e+01
2.253076958217150860e+01 -4.411783579907793751e+01 -4.500000000000000711e+01
2.169267120257548953e+01 -4.468904447207312103e+01 -4.500000000000001421e+01
2.084644651749685096e+01 -4.524644010839653419e+01 -4.499999999999999289e+01
1.995394183695907131e+01 -4.572694931940159080e+01 -4.500000000000000711e+01
1.903667711559676334e+01 -4.615879770828805562e+01 -4.500000000000000000e+01
1.811609012551874898e+01 -4.658311856133097706e+01 -4.500000000000000000e+01
1.719232219747847168e+01 -4.700106254127766192e+01 -4.500000000000000000e+01
1.623960833885237776e+01 -4.734703830822061832e+01 -4.500000000000000711e+01
1.528462818345475505e+01 -4.768707736333540481e+01 -4.500000000000001421e+01
1.432784101105567487e+01 -4.802213770196529907e+01 -4.499999999999999289e+01
1.337131825633789362e+01 -4.835778619820395363e+01 -4.500000000000000711e+01
1.241214551918371356e+01 -4.868571508626805411e+01 -4.499999999999998579e+01
1.143157858002919269e+01 -4.894289714169969585e+01 -4.500000000000000711e+01
1.045203925376600118e+01 -4.920425509323195001e+01 -4.500000000000000000e+01
9.465401582715848861e+00 -4.943673176297755134e+01 -4.499999999999999289e+01
8.480329414228188867e+00 -4.967575669501997027e+01 -4.500000000000000000e+01
7.486796232507277438e+00 -4.987744770839151442e+01 -4.500000000000000000e+01
6.493075056656590682e+00 -5.007620998985767358e+01 -4.500000000000002842e+01
5.493131948254016628e+00 -5.024419102761958555e+01 -4.499999999999999289e+01
4.486827623297269696e+00 -5.036908955985015268e+01 -4.499999999999998579e+01
3.476885686815009535e+00 -5.045387278434284895e+01 -4.500000000000004263e+01
2.466014561819815043e+00 -5.053041227118446699e+01 -4.500000000000000000e+01
1.452932052517442729e+00 -5.056952261851364483e+01 -4.500000000000000711e+01
4.395660995690309769e-01 -5.058645786928052956e+01 -4.499999999999999289e+01
-5.742403227777965746e-01 -5.058485277289548065e+01 -4.500000000000001421e+01
-1.587357197915222118e+00 -5.054922220329895310e+01 -4.500000000000001421e+01
-2.599508702688715367e+00 -5.049416395557874182e+01 -4.500000000000000000e+01
-3.610160430063405812e+00 -5.041481427466620602e+01 -4.499999999999994316e+01
-4.618341767162634781e+00 -5.030928179684385526e+01 -4.500000000000001421e+01
-5.622290769873476535e+00 -5.016903929471789780e+01 -4.500000000000000000e+01
-6.621431620079970770e+00 -4.999749763424968307e+01 -4.500000000000000000e+01
-7.616921529540048752e+00 -4.980584244940882144e+01 -4.500000000000000711e+01
-8.608060402118104193e+00 -4.959328114934823617e+01 -4.499999999999999289e+01
-9.597438233063980917e+00 -4.937263854015482423e+01 -4.499999999999999289e+01
-1.058335758242312785e+01 -4.913677661686974574e+01 -4.499999999999999289e+01
-1.156538411241935194e+01 -4.888523049907549023e+01 -4.499999999999998579e+01
-1.254607700598699083e+01 -4.862902514741923454e+01 -4.499999999999998579e+01
-1.350845198363169786e+01 -4.831037591229232930e+01 -4.500000000000002132e+01
-1.447192561024450974e+01 -4.799514305653536894e+01 -4.499999999999999289e+01
-1.543252159878063523e+01 -4.767127186894147428e+01 -4.499999999999999289e+01
-1.639125452507300906e+01 -4.734188413653989613e+01 -4.499999999999999289e+01
-1.734516695981902501e+01 -4.699943740869007769e+01 -4.500000000000000000e+01
-1.827257625379502315e+01 -4.659000571306616223e+01 -4.499999999999998579e+01
-1.919360409536919576e+01 -4.616608003737734833e+01 -4.500000000000001421e+01
-2.010415528143196084e+01 -4.572074598081321284e+01 -4.499999999999998579e+01
-2.099140627875330267e+01 -4.523194183443853689e+01 -4.499999999999999289e+01
-2.182837354418219888e+01 -4.466113113451461913e+01 -4.500000000000000000e+01
-2.266172483266826276e+01 -4.408303464245109637e+01 -4.500000000000000000e+01
-2.341219698962528994e+01 -4.340321713808881299e+01 -4.499999999999999289e+01
-2.414327283990040485e+01 -4.269954730856491665e+01 -4.500000000000001421e+01
-2.479295488613432497e+01 -4.192295276416552952e+01 -4.500000000000000711e+01
-2.539408652418792656e+01 -4.110624352503230483e+01 -4.499999999999994316e+01
-2.597100087257597067e+01 -4.027346099068842733e+01 -4.499999999999996447e+01
-2.644003142216619651e+01 -3.937411093633789250e+01 -4.500000000000000000e+01
-2.689066072587600331e+01 -3.846623387371117531e+01 -4.499999999999999289e+01
-2.731926890763118010e+01 -3.754744297945502041e+01 -4.500000000000007816e+01
-2.767361432445945368e+01 -3.659842871728466207e+01 -4.500000000000001421e+01
-2.797129838595826357e+01 -3.562906701191639769e+01 -4.499999999999999289e+01
-2.823584577231294190e+01 -3.465029937111538061e+01 -4.499999999999999289e+01
-2.846300501776707748e+01 -3.366278280856339222e+01 -4.499999999999998579e+01
-2.866503811204626828e+01 -3.266888858995952916e+01 -4.500000000000000711e+01
-2.880224028472616737e+01 -3.166385087832499678e+01 -4.499999999999999289e+01
-2.889151675381810946e+01 -3.065527685429472626e+01 -4.500000000000000000e+01
-2.894747206142740126e+01 -2.964128814261078304e+01 -4.500000000000000711e+01
-2.885218386193465534e+01 -2.863194989926372003e+01 -4.499999999999998579e+01
-2.882121577467259854e+01 -2.761904907226562500e+01 -4.499999999999999289e+01
