1.545950980435928734e+01 -3.351976737965517117e+01 -4.500000000000001421e+01
1.512128184118104102e+01 -3.446312787916900078e+01 -4.500000000000000711e+01
1.460262900429645327e+01 -3.535374248217065940e+01 -4.500000000000000711e+01
1.403906724860378930e+01 -3.619884204643253867e+01 -4.499999999999999289e+01
1.335207637129005320e+01 -3.696926911504834834e+01 -4.499999999999998579e+01
1.272610383009736701e+01 -3.777930211359642954e+01 -4.500000000000000711e+01
1.200414413158825688e+01 -3.851314149726576375e+01 -4.500000000000000000e+01
1.132411096138150342e+01 -3.928135110128192053e+01 -4.500000000000000711e+01
1.057908194544947378e+01 -3.998894036494860416e+01 -4.500000000000000711e+01
9.843815406754966801e+00 -4.070596498091089899e+01 -4.499999999999999289e+01
9.056816341431389361e+00 -4.136491817217265066e+01 -4.500000000000000000e+01
8.252237542586547292e+00 -4.200454430491031843e+01 -4.499999999999998579e+01
7.411050959164556140e+00 -4.259172359266568719e+01 -4.499999999999998579e+01
6.517537789959367167e+00 -4.309793353670038130e+01 -4.500000000000001421e+01
5.620548597912175204e+00 -4.359737399952928882e+01 -4.500000000000000000e+01
4.675826453607080602e+00 -4.399961183425812550e+01 -4.500000000000000711e+01
3.692927170258668124e+00 -4.429148666689337688e+01 -4.500000000000000711e+01
2.694184548880775854e+00 -4.453368358796316784e+01 -4.500000000000002132e+01
1.679685651538403990e+00 -4.467617466722511921e+01 -4.499999999999999289e+01
6.587067078593499270e-01 -4.478008196829582488e+01 -4.500000000000000711e+01
-3.686955173437239663e-01 -4.476069698670320207e+01 -4.500000000000000000e+01
-1.389160127136835898e+00 -4.467313027212668430e+01 -4.500000000000000711e+01
-2.405200797850900685e+00 -4.452469071954539004e+01 -4.500000000000002132e+01
-3.402696355404123629e+00 -4.427893590473497198e+01 -4.499999999999998579e+01
-4.382934848912243275e+00 -4.397698196276471805e+01 -4.500000000000002132e+01
-5.332231595985605033e+00 -4.358799860838367835e+01 -4.500000000000000000e+01
-6.239615470779446227e+00 -4.310881194433276420e+01 -4.499999999999999289e+01
-7.133309136824201424e+00 -4.260367944596047352e+01 -4.500000000000002132e+01
-7.992358896673409596e+00 -4.204295100794715268e+01 -4.500000000000000000e+01
-8.802462164619646146e+00 -4.141229544867363188e+01 -4.499999999999997868e+01
-9.613341993144523201e+00 -4.078124998474669383e+01 -4.500000000000001421e+01
-1.036433742057341512e+01 -4.008288784175561403e+01 -4.500000000000001421e+01
-1.112375375617418172e+01 -3.939035877622628590e+01 -4.500000000000003553e+01
-1.184476587188468599e+01 -3.866290803543488153e+01 -4.500000000000002132e+01
-1.254954740394808432e+01 -3.791558556142376091e+01 -4.500000000000000000e+01
-1.325319850375254305e+01 -3.717525562265900163e+01 -4.500000000000002132e+01
-1.388271100172848094e+01 -3.636476881276016826e+01 -4.500000000000000000e+01
-1.457582105682739559e+01 -3.561936255285559838e+01 -4.500000000000000000e+01
-1.506243068692055687e+01 -3.472111177697917128e+01 -4.500000000000000000e+01
-1.558136776744824559e+01 -3.389878546940576598e+01 -4.500000000000000000e+01
-1.540895208079291478e+01 -3.284080608158207326e+01 -4.499999999999999289e+01
-1.493541762879463874e+01 -3.215334349240357881e+01 -4.500000000000000000e+01
-1.396969262416203961e+01 -3.183430942855337520e+01 -4.499999999999999289e+01
-1.300154617260959000e+01 -3.147515362523957805e+01 -4.500000000000002132e+01
-1.200344153687898618e+01 -3.124876956508365566e+01 -4.500000000000000711e+01
-1.101938006168310835e+01 -3.096722210650017004e+01 -4.499999999999989342e+01
-9.998166364174483789e+00 -3.084368432827015738e+01 -4.499999999999990763e+01
-8.978957130509922280e+00 -3.070742623168726482e+01 -4.499999999999995737e+01
-7.955945244508137115e+00 -3.063616827372192830e+01 -4.499999999999999289e+01
-6.934979870508240829e+00 -3.052821019226958654e+01 -4.499999999999998579e+01
-5.912394521620160326e+00 -3.044213811435083983e+01 -4.500000000000001421e+01
-4.887915857024236033e+00 -3.038795959974153149e+01 -4.499999999999997158e+01
-3.864618946346551454e+00 -3.030601426995735181e+01 -4.499999999999999289e+01
-2.838831063864935444e+00 -3.026943702904756606e+01 -4.499999999999998579e+01
-1.813077633506517072e+00 -3.023940575566819433e+01 -4.500000000000001421e+01
-7.868661909903144069e-01 -3.021282964106653779e+01 -4.500000000000002132e+01
2.396882720258776689e-01 -3.021746099557557486e+01 -4.499999999999999289e+01
1.266203706227246206e+00 -3.022491185959366433e+01 -4.500000000000000000e+01
2.292182709103519400e+00 -3.025899274479424506e+01 -4.499999999999998579e+01
3.317772597126828149e+00 -3.029838445993992480e+01 -4.500000000000000711e+01
4.343117731177270180e+00 -3.034567185599102856e+01 -4.500000000000000711e+01
5.365706561074909509e+00 -3.043631924950422984e+01 -4.499999999999999289e+01
6.389148286563568035e+00 -3.050533126671633255e+01 -4.500000000000000000e+01
7.411734932176086588e+00 -3.058214788427567754e+01 -4.499999999999999289e+01
8.430196122917148926e+00 -3.072158453782995480e+01 -4.499999999999999289e+01
9.449999077528527636e+00 -3.080386198465518888e+01 -4.500000000000002842e+01
1.045815903665826241e+01 -3.099495301436918382e+01 -4.500000000000004263e+01
1.147839838432417636e+01 -3.113142684327636545e+01 -4.500000000000000000e+01
1.247956161152412946e+01 -3.133893370439215786e+01 -4.499999999999999289e+01
1.343533122587349382e+01 -3.168427024710159756e+01 -4.499999999999998579e+01
1.439253512431383442e+01 -3.199102514016294663e+01 -4.499999999999999289e+01
1.526221081318930040e+01 -3.251505766852083212e+01 -4.500000000000000000e+01
1.545950980435928024e+01 -3.351976737965516406e+01 -4.500000000000000000e+01
