1.245309240457829070e+01 4.995599979326746265e+00 -4.500000000000000000e+01
1.204145283784483667e+01 4.084353162790634428e+00 -4.500000000000000711e+01
1.130399706630197265e+01 3.374329423636992509e+00 -4.500000000000000711e+01
1.044706739732386858e+01 2.828687163819465056e+00 -4.499999999999998579e+01
9.478630816564754369e+00 2.517313389279671743e+00 -4.500000000000000000e+01
8.527617594066178697e+00 2.158348076144420258e+00 -4.500000000000000000e+01
7.531749078683877663e+00 1.950219045206702528e+00 -4.499999999999997158e+01
6.523741017111824192e+00 1.811024609228862881e+00 -4.499999999999997868e+01
5.515796127574114749e+00 1.668329160409697254e+00 -4.500000000000000000e+01
4.501340782030434973e+00 1.593145650952664694e+00 -4.500000000000000711e+01
3.486445799043761173e+00 1.532399024470882054e+00 -4.500000000000001421e+01
2.470760372760352652e+00 1.470460294587198957e+00 -4.500000000000000000e+01
1.453502664794955379e+00 1.452683477938670364e+00 -4.500000000000000711e+01
4.363597388859121740e-01 1.431633939200642303e+00 -4.500000000000000711e+01
-5.811571970290876354e-01 1.434791496915343245e+00 -4.499999999999998579e+01
-1.598484639817893571e+00 1.449684539135311701e+00 -4.500000000000000711e+01
-2.615578095323593200e+00 1.479829872539192737e+00 -4.500000000000000711e+01
-3.631052312284015038e+00 1.540574879813030540e+00 -4.500000000000000000e+01
-4.646436698342673921e+00 1.598658947546321984e+00 -4.499999999999999289e+01
-5.659104474994666845e+00 1.697527435933349205e+00 -4.499999999999998579e+01
-6.664965629439599581e+00 1.851301508220314584e+00 -4.500000000000027001e+01
-7.672987674560393323e+00 2.002303798772542276e+00 -4.500000000000004263e+01
-8.656126769737266358e+00 2.246167462312075536e+00 -4.500000000000000000e+01
-9.636098001187979989e+00 2.508416971842683196e+00 -4.500000000000002842e+01
-1.056679229735601844e+01 2.914201649570924868e+00 -4.499999999999999289e+01
-1.141277658338644052e+01 3.479231600199990115e+00 -4.499999999999999289e+01
-1.211113305440163401e+01 4.214407204591712031e+00 -4.500000000000002132e+01
-1.259890075583855484e+01 5.106318607646794128e+00 -4.500000000000000000e+01
-1.282457195198633570e+01 6.100402910927907207e+00 -4.500000000000000000e+01
-1.284480669488973525e+01 7.117584502729693341e+00 -4.500000000000000711e+01
-1.272171479976763742e+01 8.126105282393650597e+00 -4.499999999999998579e+01
-1.246025615945164589e+01 9.109763217940177071e+00 -4.500000000000001421e+01
-1.207449123880441100e+01 1.004899813690101240e+01 -4.500000000000002132e+01
-1.161249704284592887e+01 1.095496335624227768e+01 -4.500000000000000000e+01
-1.105976235917799144e+01 1.181016403372225732e+01 -4.500000000000000000e+01
-1.042032219481533417e+01 1.259887002353363705e+01 -4.500000000000000000e+01
-9.724838052892259554e+00 1.334245158462380587e+01 -4.499999999999999289e+01
-8.953025529247502945e+00 1.400527682566218957e+01 -4.499999999999998579e+01
-8.132777735411320208e+00 1.460858117443029514e+01 -4.500000000000000711e+01
-7.259605363374990183e+00 1.513132466065102655e+01 -4.499999999999998579e+01
-6.348634362151932997e+00 1.558439198284638572e+01 -4.499999999999999289e+01
-5.412312414650441106e+00 1.598179999674208318e+01 -4.499999999999998579e+01
-4.439437360568916802e+00 1.628339169252854290e+01 -4.499999999999999289e+01
-3.453058415555088523e+00 1.652401308417125136e+01 -4.500000000000000000e+01
-2.453785445924440811e+00 1.671944859470776024e+01 -4.499999999999999289e+01
-1.442738167806292271e+00 1.682542633810181698e+01 -4.499999999999999289e+01
-4.284513679938854458e-01 1.689969015001394581e+01 -4.500000000000000000e+01
5.900210799124682159e-01 1.688148102774681192e+01 -4.500000000000000000e+01
1.603558665944000872e+00 1.680521237027105741e+01 -4.500000000000001421e+01
2.613230820920498854e+00 1.667960867944756842e+01 -4.499999999999999289e+01
3.610952515258067930e+00 1.647607109361227984e+01 -4.499999999999999289e+01
4.593458250498921203e+00 1.621341357347472822e+01 -4.500000000000001421e+01
5.561983604152522354e+00 1.590217919807826519e+01 -4.499999999999999289e+01
6.489497763782323680e+00 1.548398799809217508e+01 -4.500000000000000000e+01
7.394187281556451552e+00 1.501898541199442150e+01 -4.500000000000000000e+01
8.260880891855062913e+00 1.448646816353987177e+01 -4.499999999999999289e+01
9.067506820544144475e+00 1.386692083814465448e+01 -4.500000000000000000e+01
9.835359485256466527e+00 1.320028418571321360e+01 -4.500000000000000711e+01
1.052189899561198416e+01 1.244963245583014988e+01 -4.500000000000000711e+01
1.113797969709135138e+01 1.164363680919432831e+01 -4.499999999999998579e+01
1.171877161114119659e+01 1.080694903435442455e+01 -4.500000000000000000e+01
1.213582195685634524e+01 9.879056766208833551e+00 -4.500000000000002132e+01
1.247452830672223101e+01 8.928081295036925269e+00 -4.500000000000000000e+01
1.273155103207462702e+01 7.954315125391522301e+00 -4.500000000000000000e+01
1.288332158203233035e+01 6.949471869431240734e+00 -4.500000000000001421e+01
1.278717692447834864e+01 5.936848736397471349e+00 -4.500000000000000711e+01
1.245309240457828892e+01 4.995599979326748041e+00 -4.500000000000000000e+01
