1.231923882392133862e+01 -9.512210845947267401e+00 4.500000000000000000e+01
1.262262066621359580e+01 -8.541552144198515606e+00 4.500000000000000000e+01
1.281948979713456538e+01 -7.542599989325143639e+00 4.500000000000002132e+01
1.285971382165538124e+01 -6.523479614744259969e+00 4.499999999999999289e+01
1.269611675840955023e+01 -5.521190003996323981e+00 4.500000000000000000e+01
1.230592638022140584e+01 -4.597543672500933098e+00 4.499999999999999289e+01
1.168410114400662003e+01 -3.807686063450814284e+00 4.500000000000000711e+01
1.091297434948067746e+01 -3.164838108890768442e+00 4.500000000000000000e+01
1.001272914910543399e+01 -2.711046692139042591e+00 4.500000000000000000e+01
9.074763612490340137e+00 -2.338450849591209302e+00 4.500000000000002132e+01
8.094032727812637162e+00 -2.069820174673560498e+00 4.500000000000012790e+01
7.088253469017396391e+00 -1.900799343032875344e+00 4.500000000000000000e+01
6.082393520897525718e+00 -1.744022290160921917e+00 4.500000000000021316e+01
5.069991430278072642e+00 -1.651541037619311370e+00 4.500000000000000711e+01
4.057104491832663307e+00 -1.560988070710823683e+00 4.499999999999999289e+01
3.041650127478707333e+00 -1.496231237527424485e+00 4.500000000000000000e+01
2.024724478151863405e+00 -1.465600417421260016e+00 4.499999999999998579e+01
1.007715802188440923e+00 -1.436627513665906353e+00 4.499999999999999289e+01
-9.767017998891125430e-03 -1.434282681781307689e+00 4.499999999999999289e+01
-1.027158995854167145e+00 -1.437774348388419554e+00 4.500000000000000000e+01
-2.044380163098310721e+00 -1.462316300654259660e+00 4.500000000000000000e+01
-3.060382187987592317e+00 -1.510380331877421378e+00 4.499999999999999289e+01
-4.076826527667617661e+00 -1.550057502743108273e+00 4.500000000000000000e+01
-5.089521606878518512e+00 -1.652175429992416511e+00 4.500000000000000000e+01
-6.101818037985307086e+00 -1.741478139859096386e+00 4.499999999999998579e+01
-7.111355317625694283e+00 -1.869067460492941368e+00 4.499999999999998579e+01
-8.114979087709883743e+00 -2.056031868482003588e+00 4.499999999999999289e+01
-9.078023934881084500e+00 -2.370856569548883019e+00 4.500000000000000000e+01
-1.004707485922089205e+01 -2.678454951284074514e+00 4.500000000000002132e+01
-1.096425604468167769e+01 -3.118422619165274856e+00 4.500000000000000000e+01
-1.174100006183878619e+01 -3.773430112884293752e+00 4.499999999999999289e+01
-1.234266991154912851e+01 -4.580773423751293372e+00 4.499999999999999289e+01
-1.272286622155137081e+01 -5.528786116016071617e+00 4.499999999999998579e+01
-1.280007692164002897e+01 -6.530024432882169272e+00 4.500000000000000000e+01
-1.278348877953367868e+01 -7.526879409563123957e+00 4.500000000000000000e+01
-1.262830336333288983e+01 -8.525615450636582437e+00 4.499999999999999289e+01
-1.233499358282132086e+01 -9.501797160959753796e+00 4.500000000000000711e+01
-1.189643572824492068e+01 -1.041943982755182674e+01 4.500000000000008527e+01
-1.139416744853741292e+01 -1.129841162575627322e+01 4.500000000000007105e+01
-1.080839315768369424e+01 -1.213261839148774968e+01 4.500000000000000000e+01
-1.012878233350500246e+01 -1.289041144903409730e+01 4.500000000000000000e+01
-9.400242860169337078e+00 -1.359892685044705019e+01 4.500000000000000000e+01
-8.605912261257772755e+00 -1.423553588227200883e+01 4.500000000000000000e+01
-7.763740364781165582e+00 -1.480544243515644176e+01 4.500000000000000711e+01
-6.873684818624105297e+00 -1.529840204449650720e+01 4.499999999999998579e+01
-5.953262006451125465e+00 -1.573227656636777816e+01 4.500000000000002842e+01
-5.002208234198813663e+00 -1.609084979184486031e+01 4.500000000000001421e+01
-4.025956161149238710e+00 -1.637896536837784112e+01 4.499999999999998579e+01
-3.031344989194195705e+00 -1.659385412548634875e+01 4.499999999999999289e+01
-2.027991682424462372e+00 -1.675672688616919004e+01 4.500000000000000711e+01
-1.015856620371006880e+00 -1.686880057663488941e+01 4.500000000000000711e+01
1.677678289445407034e-03 -1.689227132647801000e+01 4.499999999999998579e+01
1.017243753638699566e+00 -1.686276790238693835e+01 4.500000000000000000e+01
2.032256125776758626e+00 -1.677886291295854804e+01 4.499999999999999289e+01
3.032704234942279697e+00 -1.659959066773505754e+01 4.500000000000000000e+01
4.030498197561603213e+00 -1.640284212144639042e+01 4.500000000000001421e+01
5.002261734117032788e+00 -1.610104547090577398e+01 4.500000000000001421e+01
5.960127037111334403e+00 -1.576080316947087034e+01 4.500000000000002842e+01
6.880630508464085970e+00 -1.532766189844712201e+01 4.500000000000000711e+01
7.773371023111900868e+00 -1.483832058511776708e+01 4.499999999999999289e+01
8.612432387844597415e+00 -1.426355343672858211e+01 4.500000000000000000e+01
9.411244009722148363e+00 -1.363101369042430733e+01 4.500000000000001421e+01
1.013103401713618545e+01 -1.291356415333865471e+01 4.500000000000000711e+01
1.080713634210082041e+01 -1.215227561930551126e+01 4.500000000000000711e+01
1.138188564560853244e+01 -1.131478590524598715e+01 4.499999999999994316e+01
1.180921795630683313e+01 -1.039015604265627779e+01 4.499999999999990052e+01
1.231923882392133862e+01 -9.512210845947265625e+00 4.500000000000000000e+01
