7.257656764192593535e+00 8.404663036773111884e+00 -4.499999999999999289e+01
6.950103816956465508e+00 7.434827210146636389e+00 -4.500000000000000711e+01
6.400685058523503557e+00 6.584944591279886517e+00 -4.499999999999999289e+01
5.565103710967156836e+00 5.954437331333399364e+00 -4.500000000000000000e+01
4.653446945027572390e+00 5.475158261234573054e+00 -4.499999999999999289e+01
3.664037099301000744e+00 5.184225373272716375e+00 -4.500000000000000000e+01
2.660806757757135266e+00 4.951544445772908531e+00 -4.499999999999999289e+01
1.644564041373621999e+00 4.804883064092006606e+00 -4.500000000000000000e+01
6.193021966392127098e-01 4.705619348972448712e+00 -4.499999999999998579e+01
-4.111536541625973040e-01 4.719139454666274602e+00 -4.500000000000000000e+01
-1.438146575728354248e+00 4.773621163928664757e+00 -4.500000000000000000e+01
-2.459818349696591522e+00 4.907028662859921120e+00 -4.499999999999999289e+01
-3.465333799638806944e+00 5.129007362771986323e+00 -4.499999999999999289e+01
-4.451330402326596491e+00 5.424075383819705110e+00 -4.500000000000001421e+01
-5.384501857514970347e+00 5.857534079185639619e+00 -4.499999999999998579e+01
-6.211133477247825496e+00 6.471677367643494883e+00 -4.500000000000000000e+01
-6.868150074782470860e+00 7.256981456289601340e+00 -4.499999999999999289e+01
-7.263228751950673079e+00 8.207230827369167869e+00 -4.500000000000001421e+01
-7.270805888980516940e+00 9.235322551946520520e+00 -4.499999999999998579e+01
-6.968368022054057143e+00 1.021494885734157343e+01 -4.500000000000000000e+01
-6.477203495249121090e+00 1.110384545593917416e+01 -4.500000000000000000e+01
-5.795397422530945697e+00 1.188552449038077086e+01 -4.500000000000000000e+01
-4.970937401024147384e+00 1.249020477551837516e+01 -4.500000000000001421e+01
-4.099017754903084843e+00 1.304047101115789076e+01 -4.500000000000001421e+01
-3.150692059722289606e+00 1.344092203126407092e+01 -4.499999999999998579e+01
-2.156336725876881744e+00 1.369974097581069472e+01 -4.500000000000000000e+01
-1.138488906883464935e+00 1.386828715199406581e+01 -4.499999999999998579e+01
-1.125813151666440748e-01 1.390560357491215981e+01 -4.500000000000000000e+01
9.158778371624702874e-01 1.388714526974026242e+01 -4.500000000000001421e+01
1.936130530602922173e+00 1.373313586631722139e+01 -4.499999999999998579e+01
2.931269544463541710e+00 1.347653702691738431e+01 -4.500000000000000000e+01
3.894641988021607215e+00 1.311653595027477870e+01 -4.500000000000000000e+01
4.775234769064009122e+00 1.258246951121798141e+01 -4.500000000000000711e+01
5.637318140077927531e+00 1.202280134638422560e+01 -4.499999999999997868e+01
6.304622790567534274e+00 1.123415324077558708e+01 -4.500000000000000711e+01
6.856793537659281235e+00 1.038257823016288306e+01 -4.499999999999999289e+01
7.272755015398558065e+00 9.442189866654778996e+00 -4.500000000000001421e+01
7.257656764192595311e+00 8.404663036773111884e+00 -4.500000000000000000e+01
