7.246279064459709041e+00 -9.512210845947263849e+00 4.499999999999999289e+01
7.303454032443392308e+00 -8.480343482914962649e+00 4.499999999999999289e+01
6.980655702664583018e+00 -7.509893301465052851e+00 4.500000000000000000e+01
6.417213001892969615e+00 -6.658161179165730026e+00 4.500000000000000711e+01
5.611010140536073720e+00 -6.017003424234163234e+00 4.499999999999998579e+01
4.708123080837965269e+00 -5.527242691235995764e+00 4.500000000000000711e+01
3.732773096913421629e+00 -5.200597698967016846e+00 4.500000000000000711e+01
2.732114979610936967e+00 -4.957420288675148612e+00 4.499999999999999289e+01
1.713353848132175283e+00 -4.809127833724449630e+00 4.499999999999999289e+01
6.882976669189767582e-01 -4.718798517610961696e+00 4.499999999999998579e+01
-3.427132554752241322e-01 -4.700860187916453548e+00 4.499999999999998579e+01
-1.367547954906665808e+00 -4.783883473203514036e+00 4.500000000000002132e+01
-2.391115319024528230e+00 -4.889541854281198141e+00 4.499999999999998579e+01
-3.392190844174034048e+00 -5.130394351321405644e+00 4.500000000000000711e+01
-4.392696293108688366e+00 -5.377609329801447124e+00 4.500000000000000000e+01
-5.326518915626560435e+00 -5.809756805597466212e+00 4.500000000000000711e+01
-6.194883791024405895e+00 -6.397402545492564485e+00 4.500000000000000000e+01
-6.830673683185747080e+00 -7.184396800650247883e+00 4.500000000000000000e+01
-7.266620584523491466e+00 -8.132537266122957575e+00 4.499999999999998579e+01
-7.294907200316468554e+00 -9.171330403070989234e+00 4.500000000000002132e+01
-6.981151637811492172e+00 -1.013477304544968405e+01 4.500000000000000711e+01
-6.504750044565694722e+00 -1.103656215773488825e+01 4.500000000000000000e+01
-5.824537110322841826e+00 -1.182228026216769123e+01 4.500000000000000711e+01
-5.015911148245499440e+00 -1.244372765094186661e+01 4.500000000000002842e+01
-4.139394780603494972e+00 -1.298908677565490599e+01 4.500000000000001421e+01
-3.196143556451053858e+00 -1.339530071777881837e+01 4.500000000000001421e+01
-2.208497981719641068e+00 -1.368566414671322917e+01 4.500000000000000711e+01
-1.189153994499533962e+00 -1.384162439158985158e+01 4.500000000000000000e+01
-1.654825789200229103e-01 -1.390840349906008733e+01 4.500000000000001421e+01
8.643647632657763813e-01 -1.390203195537713654e+01 4.500000000000001421e+01
1.881679761149616326e+00 -1.373820448919887305e+01 4.500000000000000000e+01
2.887380944614639233e+00 -1.352972119166843257e+01 4.500000000000000711e+01
3.853167069711362469e+00 -1.316606116122816417e+01 4.499999999999999289e+01
4.734549770042235650e+00 -1.263575813823275595e+01 4.499999999999999289e+01
5.603195373052257899e+00 -1.208308703124980887e+01 4.499999999999997868e+01
6.286179674409575924e+00 -1.130842943561037650e+01 4.500000000000004263e+01
6.874884488439976238e+00 -1.047682733509246411e+01 4.499999999999999289e+01
7.246279064459708152e+00 -9.512210845947265625e+00 4.500000000000000000e+01
