-3.276799863851275774e+01 2.550587099144449965e+01 4.500000000000000000e+01
-3.265121772311154302e+01 2.450557741424758262e+01 4.500000000000000000e+01
-3.249750252280350082e+01 2.351039147706519117e+01 4.500000000000000000e+01
-3.231015029813482187e+01 2.252117411398486624e+01 4.500000000000001421e+01
-3.207968426882153068e+01 2.154078728350056693e+01 4.500000000000000000e+01
-3.177552201350538397e+01 2.058092884138854117e+01 4.500000000000000000e+01
-3.141584967660914174e+01 1.964117808594149750e+01 4.500000000000000711e+01
-3.100820749124542530e+01 1.872159566517172635e+01 4.499999999999999289e+01
-3.053170413685929319e+01 1.783491993814883259e+01 4.499999999999999289e+01
-2.990967985496103054e+01 1.704468767605776591e+01 4.500000000000001421e+01
-2.924355855181550723e+01 1.628959764356162054e+01 4.499999999999998579e+01
-2.840917895030613494e+01 1.573183896386731462e+01 4.500000000000000711e+01
-2.752200588414942217e+01 1.525615810737305011e+01 4.500000000000000711e+01
-2.653677768554593897e+01 1.504130181902117158e+01 4.500000000000000711e+01
-2.553689908004692199e+01 1.499317942918003688e+01 4.500000000000000711e+01
-2.453445391780216056e+01 1.511335524601381408e+01 4.499999999999998579e+01
-2.357109890698152199e+01 1.539226644951195944e+01 4.500000000000002132e+01
-2.262809910134686220e+01 1.574878757246183980e+01 4.500000000000001421e+01
-2.172830592453082943e+01 1.620320838222994553e+01 4.500000000000000000e+01
-2.084119965852328704e+01 1.667576264163192690e+01 4.500000000000001421e+01
-1.998406586301663523e+01 1.720556376380920938e+01 4.500000000000001421e+01
-1.911978441744809842e+01 1.772155402649923062e+01 4.500000000000000711e+01
-1.827569477230251849e+01 1.827152798112211940e+01 4.499999999999998579e+01
-1.741721899424262077e+01 1.879795280657463508e+01 4.500000000000002132e+01
-1.656326196720164745e+01 1.933173787784575026e+01 4.500000000000000000e+01
-1.569967390942144192e+01 1.984980500186919983e+01 4.499999999999998579e+01
-1.481756955266743425e+01 2.033569223527382164e+01 4.500000000000000000e+01
-1.392123377890714941e+01 2.079457029144282387e+01 4.499999999999998579e+01
-1.300731043141606413e+01 2.121640810024239343e+01 4.500000000000000711e+01
-1.208632476620132401e+01 2.162461185117467366e+01 4.500000000000000711e+01
-1.114814731917561375e+01 2.198728724058138084e+01 4.500000000000000711e+01
-1.019597299544874502e+01 2.231705606419336974e+01 4.500000000000000711e+01
-9.227921964812065170e+00 2.259581977790223206e+01 4.500000000000002132e+01
-8.254663662463523011e+00 2.284913974968122474e+01 4.500000000000000000e+01
-7.270583463481543163e+00 2.306424708018163372e+01 4.499999999999999289e+01
-6.279888972391942659e+00 2.323967834186245440e+01 4.500000000000001421e+01
-5.285157571026382506e+00 2.339744726544610032e+01 4.500000000000000000e+01
-4.283802009903561192e+00 2.350978892872220882e+01 4.500000000000002842e+01
-3.280539935904909221e+00 2.359460781296319709e+01 4.499999999999995026e+01
-2.276276730293657735e+00 2.366661220998457438e+01 4.500000000000001421e+01
-1.269802690380450905e+00 2.370498807198797309e+01 4.500000000000000000e+01
-2.629967995888032872e-01 2.371623536693238421e+01 4.500000000000000711e+01
7.440439305038835105e-01 2.371298020676366392e+01 4.499999999999997158e+01
1.750481173362641307e+00 2.367717054772714746e+01 4.500000000000001421e+01
2.755979746222953164e+00 2.362202278806386602e+01 4.500000000000000711e+01
3.759373832503053237e+00 2.353589702396121908e+01 4.500000000000000000e+01
4.760077294206422671e+00 2.342313211189446065e+01 4.499999999999998579e+01
5.759035764811711644e+00 2.329644071599875588e+01 4.500000000000000000e+01
6.753711427435120207e+00 2.313999372905340124e+01 4.500000000000001421e+01
7.743155447062578745e+00 2.295137176359198961e+01 4.500000000000001421e+01
8.720869773992928842e+00 2.271098120638019680e+01 4.500000000000000711e+01
9.690034457327872275e+00 2.244098328468763981e+01 4.499999999999999289e+01
1.064707375619384244e+01 2.212751239296913397e+01 4.500000000000001421e+01
1.160049725563878908e+01 2.180579428936789910e+01 4.499999999999999289e+01
1.254138873725918835e+01 2.144775229046474507e+01 4.500000000000000711e+01
1.345335463961950317e+01 2.102065907973639725e+01 4.499999999999998579e+01
1.436592467128093276e+01 2.059475932793225184e+01 4.499999999999999289e+01
1.525449240284922325e+01 2.012241093972678030e+01 4.500000000000000000e+01
1.612289793675005356e+01 1.961376336139949927e+01 4.500000000000000000e+01
1.699691527080620190e+01 1.911504863092452311e+01 4.500000000000002132e+01
1.783327233008586532e+01 1.855384664366349057e+01 4.500000000000000000e+01
1.870582612026741742e+01 1.805167954699555821e+01 4.499999999999997868e+01
1.953691195899438071e+01 1.748350407718204025e+01 4.500000000000000000e+01
2.041036809368719673e+01 1.698397047028650775e+01 4.500000000000000711e+01
2.126392430861751848e+01 1.645223382306670246e+01 4.500000000000000711e+01
2.216910604439242150e+01 1.601164897905966100e+01 4.499999999999999289e+01
2.306697947418249228e+01 1.556638726638850834e+01 4.500000000000000000e+01
2.402920264166626296e+01 1.524951268169309415e+01 4.500000000000000000e+01
2.501297537723121778e+01 1.507850816487319356e+01 4.500000000000002132e+01
2.600459215247984091e+01 1.494851750582792960e+01 4.500000000000000711e+01
2.700577646767719031e+01 1.510650630819058549e+01 4.500000000000001421e+01
2.795743802910122255e+01 1.537318319040037551e+01 4.499999999999999289e+01
2.883270949630697189e+01 1.589715994136162891e+01 4.500000000000000711e+01
2.959567340146573144e+01 1.654049384960983105e+01 4.500000000000000000e+01
3.023396545194204776e+01 1.733407353916771854e+01 4.500000000000000000e+01
3.079778023605678783e+01 1.816472311708390208e+01 4.500000000000000000e+01
3.121047757154805069e+01 1.908376852025967096e+01 4.500000000000002132e+01
3.160839788776359072e+01 2.000738292160658460e+01 4.500000000000000000e+01
3.195027366131266788e+01 2.095486521557758408e+01 4.500000000000000000e+01
3.222342434212792739e+01 2.192459390319350732e+01 4.499999999999998579e+01
3.241990616876318398e+01 2.291223578789444204e+01 4.500000000000002842e+01
3.257963993854188800e+01 2.390587826090015966e+01 4.500000000000000000e+01
3.272296916517922227e+01 2.490236815436990625e+01 4.499999999999999289e+01
3.282818268385719307e+01 2.590399951803546585e+01 4.500000000000000711e+01
3.288708493154052093e+01 2.690926954929408055e+01 4.500000000000000000e+01
3.294277639449020967e+01 2.791441291741590192e+01 4.500000000000002132e+01
3.295841835282148935e+01 2.892156376364851766e+01 4.500000000000001421e+01
3.294874772293726295e+01 2.992833050698860475e+01 4.499999999999999289e+01
3.292319262864369733e+01 3.093507867213247664e+01 4.500000000000000711e+01
3.286563205751162542e+01 3.194053428586556720e+01 4.499999999999999289e+01
3.279291115121835531e+01 3.294492425525126578e+01 4.500000000000000711e+01
3.269538219659915512e+01 3.394724474683468429e+01 4.500000000000000711e+01
3.258208453529775994e+01 3.494785136559248429e+01 4.500000000000000711e+01
3.244952412413049103e+01 3.594619285733020320e+01 4.499999999999999289e+01
3.229297069401028608e+01 3.694095900334126270e+01 4.499999999999996447e+01
3.212057057572772578e+01 3.793312571808822753e+01 4.500000000000000000e+01
3.191264432926040584e+01 3.891836464519271743e+01 4.500000000000001421e+01
3.168883303222669312e+01 3.990031306005761991e+01 4.500000000000001421e+01
3.143306016314584994e+01 4.087434545872925185e+01 4.499999999999999289e+01
3.115731887411145706e+01 4.184262237825343789e+01 4.500000000000000000e+01
3.085905696163024459e+01 4.280445704054096012e+01 4.500000000000000711e+01
3.051031566233326942e+01 4.374932478672143787e+01 4.499999999999999289e+01
3.009587207352439719e+01 4.466728701513817867e+01 4.500000000000000000e+01
2.963391700935466488e+01 4.556203887864499080e+01 4.500000000000001421e+01
2.911802893194185415e+01 4.642645478108535428e+01 4.500000000000000000e+01
2.851855772867125438e+01 4.723500408392794014e+01 4.500000000000001421e+01
2.784922501261125305e+01 4.798723636309723162e+01 4.500000000000001421e+01
2.711614544348232769e+01 4.867688134621096196e+01 4.499999999999997868e+01
2.630722733561900739e+01 4.927655699355159413e+01 4.499999999999999289e+01
2.545299882769843336e+01 4.980974954242937258e+01 4.500000000000000711e+01
2.456568442334766900e+01 5.028600248357449232e+01 4.500000000000000000e+01
2.363559494617785717e+01 5.067166522105969051e+01 4.499999999999999289e+01
2.268609681807678413e+01 5.100665042273097782e+01 4.500000000000000711e+01
2.172524230419401547e+01 5.130779414674408656e+01 4.500000000000000711e+01
2.075492890893297826e+01 5.157752556444863501e+01 4.500000000000000000e+01
1.977702753214222042e+01 5.181817172139157890e+01 4.500000000000005684e+01
1.879229820495136494e+01 5.202899063268408497e+01 4.500000000000001421e+01
1.780018996937610964e+01 5.220162963141050483e+01 4.500000000000000000e+01
1.680794279576540617e+01 5.237350076997415016e+01 4.500000000000000711e+01
1.581352651429265777e+01 5.253257383820477600e+01 4.500000000000000000e+01
1.481693700204517583e+01 5.267699145136592165e+01 4.500000000000001421e+01
1.382099180363044333e+01 5.282566317584958426e+01 4.499999999999999289e+01
1.282389686514770766e+01 5.296675773854683911e+01 4.500000000000001421e+01
1.182474229757978001e+01 5.309269055420681127e+01 4.500000000000000711e+01
1.082629728545400383e+01 5.322348707945997148e+01 4.500000000000001421e+01
9.826757123859696463e+00 5.334627884585962931e+01 4.500000000000000000e+01
8.825472721820737831e+00 5.345438247504748119e+01 4.499999999999995737e+01
7.823686415640926484e+00 5.355741924951006894e+01 4.499999999999998579e+01
6.819987086242355723e+00 5.363896937159709921e+01 4.499999999999997868e+01
5.816013769787953258e+00 5.371799111308331476e+01 4.499999999999998579e+01
4.810896534796440527e+00 5.378069728138572003e+01 4.500000000000000000e+01
3.805316507083798427e+00 5.383473289360690472e+01 4.500000000000000000e+01
2.799205310368398258e+00 5.387849851244227040e+01 4.500000000000002132e+01
1.792596924388352608e+00 5.390828365867250938e+01 4.500000000000000000e+01
7.857293598677527191e-01 5.392839059077946473e+01 4.500000000000000711e+01
-2.213210172735999848e-01 5.393131051046174917e+01 4.500000000000002132e+01
-1.228318961904889539e+00 5.392637610925116576e+01 4.499999999999999289e+01
-2.235236029997230922e+00 5.390712512199464612e+01 4.499999999999998579e+01
-3.241580436275169230e+00 5.387059812096590150e+01 4.499999999999999289e+01
-4.247832493542429866e+00 5.383133307634192022e+01 4.500000000000000000e+01
-5.253075745513272388e+00 5.376973670190539423e+01 4.500000000000000000e+01
-6.257798563115469115e+00 5.370288145162067650e+01 4.499999999999997868e+01
-7.262173963616466388e+00 5.362933652810259133e+01 4.500000000000003553e+01
-8.264960183776425495e+00 5.353620031772119603e+01 4.500000000000001421e+01
-9.265625178770966031e+00 5.342276940695128928e+01 4.499999999999994316e+01
-1.026547995166997929e+01 5.330293445308450373e+01 4.500000000000000711e+01
-1.126409458481167292e+01 5.317267556572178222e+01 4.499999999999998579e+01
-1.226071261306093518e+01 5.302876029132705327e+01 4.500000000000000000e+01
-1.325871309290056033e+01 5.289384681399347699e+01 4.500000000000000000e+01
-1.425336786432644942e+01 5.273644469119215472e+01 4.500000000000000711e+01
-1.524935040971735667e+01 5.258801203211461228e+01 4.499999999999999289e+01
-1.624345044962035089e+01 5.242707721765670925e+01 4.500000000000000711e+01
-1.723624286183149223e+01 5.225864823155570349e+01 4.499999999999998579e+01
-1.822941464278047974e+01 5.209220078999734227e+01 4.500000000000000711e+01
-1.921836269187348734e+01 5.190159789728523521e+01 4.499999999999999289e+01
-2.019727841606918517e+01 5.166506939036546697e+01 4.500000000000000711e+01
-2.117443060898344598e+01 5.142193075520492584e+01 4.500000000000000000e+01
-2.213949728183126098e+01 5.113380298630304566e+01 4.500000000000000000e+01
-2.310116902246901915e+01 5.083759993740367378e+01 4.500000000000002132e+01
-2.404525651768756944e+01 5.048591258451089203e+01 4.500000000000001421e+01
-2.496748448889151106e+01 5.008445000050618034e+01 4.500000000000000711e+01
-2.584882387387719760e+01 4.959719935863948592e+01 4.499999999999999289e+01
-2.669745651275513865e+01 4.905291036284879169e+01 4.500000000000000000e+01
-2.748715943604795697e+01 4.842862264514788251e+01 4.500000000000000711e+01
-2.820408424509145462e+01 4.772002071852343619e+01 4.500000000000000000e+01
-2.884976299070250505e+01 4.694576209235508202e+01 4.499999999999999289e+01
-2.941682839592775878e+01 4.611344095332197668e+01 4.500000000000000000e+01
-2.989706000614713943e+01 4.522762398348133672e+01 4.499999999999998579e+01
-3.032311218884516890e+01 4.431515978865820671e+01 4.499999999999996447e+01
-3.072816741785212358e+01 4.339401271299371388e+01 4.499999999999989342e+01
-3.104547535349472298e+01 4.243810722054846707e+01 4.499999999999997868e+01
-3.130698351023654524e+01 4.146572140360302683e+01 4.500000000000001421e+01
-3.158393644505277820e+01 4.049756102195410534e+01 4.500000000000000711e+01
-3.180600952018304639e+01 3.951524745271056815e+01 4.500000000000000000e+01
-3.203626396811991839e+01 3.853507267980540973e+01 4.500000000000001421e+01
-3.222116686311276368e+01 3.754472237308163329e+01 4.499999999999997868e+01
-3.236841129882471790e+01 3.654846735292008475e+01 4.500000000000001421e+01
-3.250798614752891069e+01 3.555136454362793330e+01 4.499999999999998579e+01
-3.262979337820092951e+01 3.455157674313768013e+01 4.500000000000000000e+01
-3.272499014817625351e+01 3.354931421540103997e+01 4.500000000000002132e+01
-3.281954548607674838e+01 3.254665382742080482e+01 4.500000000000002132e+01
-3.287395060982154149e+01 3.154106406968391596e+01 4.499999999999998579e+01
-3.292293050433872992e+01 3.053543478317537563e+01 4.500000000000000000e+01
-3.294247038791880300e+01 2.952842070017736731e+01 4.500000000000000000e+01
-3.293527584966767563e+01 2.852155174540636295e+01 4.500000000000000000e+01
-3.291063820376731996e+01 2.751480174614150442e+01 4.500000000000001421e+01
-3.285045369126837755e+01 2.650949515955269220e+01 4.500000000000000000e+01
-3.276799863851275774e+01 2.550587099144449610e+01 4.500000000000000000e+01
