-2.828637990543830227e+01 2.532454769655014459e+01 4.500000000000002132e+01
-2.793072691000698882e+01 2.437535782997676748e+01 4.499999999999998579e+01
-2.748310988900891161e+01 2.346588104127869201e+01 4.500000000000000711e+01
-2.683277906929898649e+01 2.268950723019744586e+01 4.500000000000001421e+01
-2.608141990193520954e+01 2.200906130932260396e+01 4.500000000000000000e+01
-2.517142104697974148e+01 2.157117037231131107e+01 4.500000000000000000e+01
-2.419095760927527650e+01 2.131922553384292485e+01 4.499999999999999289e+01
-2.317554666314234879e+01 2.130845331820677657e+01 4.500000000000001421e+01
-2.217322019907171438e+01 2.144714823871487397e+01 4.500000000000000000e+01
-2.118992238328708311e+01 2.169415136505480035e+01 4.500000000000000711e+01
-2.023107508972295676e+01 2.202240277789962875e+01 4.500000000000000000e+01
-1.927770946028525856e+01 2.236704386442581693e+01 4.500000000000000000e+01
-1.834598656080831702e+01 2.276659490695821120e+01 4.499999999999997868e+01
-1.741183890203058482e+01 2.316015793344858764e+01 4.500000000000002842e+01
-1.647485093696493408e+01 2.354719007368521488e+01 4.499999999999999289e+01
-1.553334595455342537e+01 2.392285462370760385e+01 4.499999999999998579e+01
-1.458989178203479753e+01 2.429172965311472154e+01 4.500000000000002132e+01
-1.362433048178345985e+01 2.460195588228076247e+01 4.500000000000004263e+01
-1.266145366712229148e+01 2.492036908133443163e+01 4.500000000000007816e+01
-1.168925959194694286e+01 2.520369884121195625e+01 4.500000000000000711e+01
-1.069903464529627790e+01 2.542050592992793412e+01 4.499999999999998579e+01
-9.710019155293386106e+00 2.563577341085565564e+01 4.499999999999999289e+01
-8.710125684742042296e+00 2.580443764611933943e+01 4.500000000000000000e+01
-7.706000604637185170e+00 2.593564751950515301e+01 4.500000000000004263e+01
-6.697973243160716628e+00 2.604548837675961437e+01 4.499999999999999289e+01
-5.690668924957202890e+00 2.616548230783791951e+01 4.500000000000000000e+01
-4.678991126145574775e+00 2.622597632891340780e+01 4.500000000000000000e+01
-3.667298448718258719e+00 2.628330375927824036e+01 4.500000000000000711e+01
-2.654583530711881245e+00 2.633037452945934476e+01 4.500000000000001421e+01
-1.641125825708171782e+00 2.634691964943672460e+01 4.500000000000000000e+01
-6.276103885232925395e-01 2.636457358840230825e+01 4.500000000000001421e+01
3.861014407344238730e-01 2.636035588945176400e+01 4.500000000000000711e+01
1.399710715539739025e+00 2.634887120501423752e+01 4.499999999999997868e+01
2.413054347109037767e+00 2.632088033106985847e+01 4.499999999999999289e+01
3.425627206164742589e+00 2.627579255267432856e+01 4.500000000000001421e+01
4.438061468698603740e+00 2.622789683885717338e+01 4.499999999999999289e+01
5.448294932416594349e+00 2.614150723803378185e+01 4.500000000000001421e+01
6.456441319870079631e+00 2.604038142535899425e+01 4.500000000000004263e+01
7.464540526316678637e+00 2.593146467065064442e+01 4.500000000000012790e+01
8.470779631768673212e+00 2.581085055131252304e+01 4.500000000000000711e+01
9.474392400771266765e+00 2.566574182434496265e+01 4.500000000000001421e+01
1.046747246960981137e+01 2.546443459602000559e+01 4.500000000000000000e+01
1.145413753607484075e+01 2.523880968020206694e+01 4.500000000000001421e+01
1.243555721933234715e+01 2.498939869482502729e+01 4.500000000000000000e+01
1.339764949665760518e+01 2.466885054135548216e+01 4.499999999999998579e+01
1.437444783922089186e+01 2.439556334878926691e+01 4.500000000000001421e+01
1.532614370127461001e+01 2.404999580109607749e+01 4.499999999999999289e+01
1.625258310079514246e+01 2.363995252518622081e+01 4.500000000000000711e+01
1.720186859986996808e+01 2.328644631091042427e+01 4.500000000000000711e+01
1.813111557283641773e+01 2.288786769111568020e+01 4.500000000000002132e+01
1.907308350260598928e+01 2.251500513055635011e+01 4.500000000000002132e+01
2.000955812301799952e+01 2.213595315655464191e+01 4.500000000000002842e+01
2.097305284798105873e+01 2.182298735117342048e+01 4.499999999999997868e+01
2.195691857521849144e+01 2.160611230565933027e+01 4.500000000000000711e+01
2.293510469904990146e+01 2.137426376259935878e+01 4.499999999999997868e+01
2.395759732037273437e+01 2.134993217007617972e+01 4.500000000000000711e+01
2.492249838664276140e+01 2.155771360946303616e+01 4.499999999999998579e+01
2.589207020492669997e+01 2.187289004350707344e+01 4.500000000000000000e+01
2.667330958242101246e+01 2.252955925978556806e+01 4.500000000000004974e+01
2.736881887161720783e+01 2.326126027708684063e+01 4.500000000000004974e+01
2.783426415906058438e+01 2.416085682676414592e+01 4.500000000000004974e+01
2.821017708091148535e+01 2.509807227126349005e+01 4.500000000000000000e+01
2.852511424196486800e+01 2.606174041729495627e+01 4.500000000000000000e+01
2.870692943135737352e+01 2.705890233557545344e+01 4.499999999999998579e+01
2.887762295725293527e+01 2.805653033082758085e+01 4.500000000000002132e+01
2.892190183439570461e+01 2.907189298781040776e+01 4.500000000000000711e+01
2.892616943051848821e+01 3.008371843530690271e+01 4.499999999999999289e+01
2.887332635395923930e+01 3.109714595284308558e+01 4.499999999999999289e+01
2.873811446753234833e+01 3.210268553710901074e+01 4.500000000000000000e+01
2.858019887887789423e+01 3.310329568352300811e+01 4.499999999999999289e+01
2.837472808546627334e+01 3.409644465532858248e+01 4.500000000000000000e+01
2.812125908650944339e+01 3.507804964414091131e+01 4.500000000000000000e+01
2.784216068569994462e+01 3.605237260428987867e+01 4.499999999999999289e+01
2.753306375611076362e+01 3.701813590303537183e+01 4.500000000000008527e+01
2.713471214873617399e+01 3.794974478413863750e+01 4.500000000000009948e+01
2.669890374592038995e+01 3.886517900480980359e+01 4.499999999999997158e+01
2.624033168125798809e+01 3.976974529798830815e+01 4.499999999999997158e+01
2.572909196473080229e+01 4.064386294405532141e+01 4.499999999999999289e+01
2.512959939766397710e+01 4.146140238645880771e+01 4.500000000000001421e+01
2.452013672450020465e+01 4.227129714110195380e+01 4.500000000000000000e+01
2.382119277574277305e+01 4.300369470259222027e+01 4.500000000000000711e+01
2.309591948352072421e+01 4.371272962852035704e+01 4.499999999999998579e+01
2.230031542513144061e+01 4.433828910951196178e+01 4.500000000000002842e+01
2.147050399627289252e+01 4.492235910975176694e+01 4.499999999999998579e+01
2.061261422881961280e+01 4.546096249381653820e+01 4.499999999999998579e+01
1.970904547623726089e+01 4.592089991145194006e+01 4.499999999999999289e+01
1.878974537481234464e+01 4.634790827875343666e+01 4.500000000000000000e+01
1.786767968581308352e+01 4.676890181222024978e+01 4.500000000000000711e+01
1.693120822390958224e+01 4.715589734189904902e+01 4.500000000000000000e+01
1.597293130532721150e+01 4.748686850948604388e+01 4.500000000000000000e+01
1.501209451347724766e+01 4.780999529055603148e+01 4.499999999999999289e+01
1.405175067388122301e+01 4.813452647027032327e+01 4.500000000000001421e+01
1.308891496383143149e+01 4.845159307666696691e+01 4.499999999999998579e+01
1.211971195011559033e+01 4.874800317331584409e+01 4.500000000000000711e+01
1.113696324371091784e+01 4.899675413684062875e+01 4.500000000000000000e+01
1.015199619384137009e+01 4.923614733648659580e+01 4.500000000000001421e+01
9.166242787034887485e+00 4.947240166780414938e+01 4.499999999999999289e+01
8.176007192119636002e+00 4.968942415246416289e+01 4.499999999999999289e+01
7.182280011268560749e+00 4.988958891364033832e+01 4.500000000000000000e+01
6.185708346148196313e+00 5.007522185090306976e+01 4.499999999999999289e+01
5.184677149055636924e+00 5.023510559786468122e+01 4.499999999999999289e+01
4.178618479956798915e+00 5.035944662226168589e+01 4.500000000000000000e+01
3.169089654583492344e+00 5.045110530279372085e+01 4.500000000000000000e+01
2.157939297859633232e+00 5.052315033459050397e+01 4.500000000000000000e+01
1.145075397691413865e+00 5.056554823376083618e+01 4.499999999999999289e+01
1.317527544719585830e-01 5.058718001276334064e+01 4.500000000000001421e+01
-8.820410255466486493e-01 5.058697699010063786e+01 4.499999999999999289e+01
-1.895099534327199908e+00 5.054993478879119095e+01 4.500000000000000000e+01
-2.907422796215566763e+00 5.050106118259896704e+01 4.500000000000002132e+01
-3.918266235017290988e+00 5.042233685193673409e+01 4.499999999999999289e+01
-4.926228535842645861e+00 5.031608847820357511e+01 4.500000000000000000e+01
-5.928818419652308158e+00 5.016677195271068257e+01 4.500000000000001421e+01
-6.928460047244890063e+00 4.999815536491909995e+01 4.500000000000001421e+01
-7.920297775773279092e+00 4.978873453026711360e+01 4.499999999999999289e+01
-8.910876611892669885e+00 4.957451222154373482e+01 4.500000000000000000e+01
-9.896562523780751519e+00 4.933760511209128197e+01 4.499999999999999289e+01
-1.087940151410272094e+01 4.908990404608802294e+01 4.500000000000000711e+01
-1.186070201356380949e+01 4.883547907003680422e+01 4.499999999999999289e+01
-1.283273800645879348e+01 4.854899221125263864e+01 4.500000000000000711e+01
-1.378796484259610367e+01 4.820923283690822814e+01 4.499999999999999289e+01
-1.474565433012375593e+01 4.787690937471578678e+01 4.500000000000000000e+01
-1.570093819862557361e+01 4.753765319469519568e+01 4.499999999999999289e+01
-1.665718534765789016e+01 4.720108331646377309e+01 4.499999999999999289e+01
-1.759749576634052559e+01 4.682383841774155542e+01 4.500000000000000711e+01
-1.851721999541225827e+01 4.639675648455097701e+01 4.500000000000000711e+01
-1.943788855672888261e+01 4.597269470829017735e+01 4.500000000000000711e+01
-2.034791853101457804e+01 4.552591792353108247e+01 4.500000000000000000e+01
-2.122087847997765309e+01 4.501102426651529242e+01 4.500000000000000711e+01
-2.205501427046480956e+01 4.443528651314953493e+01 4.500000000000000000e+01
-2.288320771284549338e+01 4.385134225486383031e+01 4.500000000000000711e+01
-2.364377189407964863e+01 4.317911598153575170e+01 4.500000000000000000e+01
-2.435183865820404847e+01 4.245402045556507176e+01 4.500000000000000000e+01
-2.497907964739200892e+01 4.165823754996532102e+01 4.500000000000001421e+01
-2.558336245360712979e+01 4.084396884318369558e+01 4.499999999999999289e+01
-2.614046734813914341e+01 3.999850741469391124e+01 4.500000000000002132e+01
-2.659813947930847888e+01 3.909272055054883310e+01 4.499999999999998579e+01
-2.702175794553323129e+01 3.817115878652532501e+01 4.500000000000001421e+01
-2.744955303608076846e+01 3.725255685445441145e+01 4.499999999999997868e+01
-2.777986411925297006e+01 3.629374006247132201e+01 4.499999999999996447e+01
-2.804504442261268693e+01 3.531525379633794159e+01 4.500000000000001421e+01
-2.830728266599871290e+01 3.433583447145198875e+01 4.500000000000000711e+01
-2.851321103101854959e+01 3.334391383309007040e+01 4.500000000000000000e+01
-2.870149169909252862e+01 3.234775670213102217e+01 4.500000000000000711e+01
-2.881535583670707368e+01 3.134036803247397884e+01 4.499999999999999289e+01
-2.890286886384763321e+01 3.033096828437757964e+01 4.500000000000000711e+01
-2.891409361862849892e+01 2.931631961160742250e+01 4.499999999999999289e+01
-2.886450878126293418e+01 2.830437352106492099e+01 4.500000000000002132e+01
-2.875436411564239947e+01 2.729633946561190427e+01 4.499999999999995737e+01
-2.855369989594876756e+01 2.630195259105876815e+01 4.500000000000000000e+01
-2.828637990543829162e+01 2.532454769655013394e+01 4.500000000000000000e+01
