-3.276809549046542713e+01 2.550579268288427315e+01 -4.500000000000000000e+01
-3.265131326551099278e+01 2.450549605008560050e+01 -4.500000000000000711e+01
-3.249759703809768041e+01 2.351030703778770459e+01 -4.500000000000001421e+01
-3.231024409708354739e+01 2.252108657608746967e+01 -4.500000000000000000e+01
-3.207978530731592315e+01 2.154069501902973016e+01 -4.500000000000000711e+01
-3.177563121218419795e+01 2.058083044416774499e+01 -4.500000000000000000e+01
-3.141595925393551880e+01 1.964107601773099887e+01 -4.500000000000000000e+01
-3.100831664464960369e+01 1.872149036118629084e+01 -4.500000000000001421e+01
-3.053182575290628264e+01 1.783480466774270923e+01 -4.500000000000000000e+01
-2.990980898060113091e+01 1.704456250192068012e+01 -4.499999999999999289e+01
-2.924369331631492130e+01 1.628946191178501479e+01 -4.499999999999998579e+01
-2.840932153889338352e+01 1.573168817617829518e+01 -4.500000000000000000e+01
-2.752214855361950896e+01 1.525599584514637641e+01 -4.500000000000000000e+01
-2.653692091950201615e+01 1.504112553439496480e+01 -4.500000000000000711e+01
-2.553703907681853380e+01 1.499299101361051356e+01 -4.500000000000000711e+01
-2.453459040887208786e+01 1.511316655639328843e+01 -4.500000000000000711e+01
-2.357123225363937635e+01 1.539207730912790417e+01 -4.500000000000000711e+01
-2.262822435625875173e+01 1.574858671292931511e+01 -4.499999999999999289e+01
-2.172844163688120744e+01 1.620303505947176248e+01 -4.500000000000001421e+01
-2.084132670342329163e+01 1.667558056220400431e+01 -4.500000000000000000e+01
-1.998420249284606598e+01 1.720540369491361687e+01 -4.500000000000002842e+01
-1.911991794300384839e+01 1.772139520913139421e+01 -4.499999999999995026e+01
-1.827583430016645138e+01 1.827138448666488557e+01 -4.499999999999992895e+01
-1.741736277382177889e+01 1.879782234557806930e+01 -4.499999999999997158e+01
-1.656340799390056873e+01 1.933161701766974971e+01 -4.499999999999999289e+01
-1.569982463249624516e+01 1.984969809737996016e+01 -4.499999999999998579e+01
-1.481772442016898772e+01 2.033559955937782959e+01 -4.500000000000000711e+01
-1.392139081565989756e+01 2.079448865446283889e+01 -4.499999999999999289e+01
-1.300747358216609939e+01 2.121634755781723314e+01 -4.500000000000000000e+01
-1.208648416521483426e+01 2.162455066396681147e+01 -4.500000000000000000e+01
-1.114831149042766612e+01 2.198724676001047129e+01 -4.500000000000001421e+01
-1.019613822727314556e+01 2.231702974298526954e+01 -4.499999999999999289e+01
-9.228083713917261122e+00 2.259579181630553890e+01 -4.500000000000001421e+01
-8.254828345888158836e+00 2.284913652073621293e+01 -4.500000000000000000e+01
-7.270743431662510581e+00 2.306423756894933064e+01 -4.500000000000000711e+01
-6.280050170011310051e+00 2.323969142684237710e+01 -4.499999999999999289e+01
-5.285315365883634264e+00 2.339746179412741967e+01 -4.500000000000001421e+01
-4.283957662717035042e+00 2.350981203848293433e+01 -4.500000000000002132e+01
-3.280693079733638218e+00 2.359463563008334930e+01 -4.499999999999997868e+01
-2.276427410290202680e+00 2.366665326915563838e+01 -4.500000000000000000e+01
-1.269950181038003389e+00 2.370502801315597097e+01 -4.500000000000000000e+01
-2.631412980203641783e-01 2.371628373592399086e+01 -4.499999999999998579e+01
7.439026912922466206e-01 2.371303378633241365e+01 -4.499999999999999289e+01
1.750343246166447431e+00 2.367722874492234553e+01 -4.500000000000000711e+01
2.755845377348777880e+00 2.362208727029448241e+01 -4.500000000000000000e+01
3.759242890601103504e+00 2.353596477805493947e+01 -4.499999999999999289e+01
4.759948941135524692e+00 2.342319604829741664e+01 -4.500000000000001421e+01
5.758911542731356192e+00 2.329651196662754842e+01 -4.499999999999996447e+01
6.753591937914513288e+00 2.314007313852272318e+01 -4.500000000000000711e+01
7.743038992562285117e+00 2.295144981754840074e+01 -4.500000000000000000e+01
8.720756860090261853e+00 2.271106153384508985e+01 -4.500000000000000000e+01
9.689928165025799345e+00 2.244107570524251472e+01 -4.500000000000004974e+01
1.064696828388914263e+01 2.212759769625211348e+01 -4.500000000000001421e+01
1.160039763825509596e+01 2.180588519167772077e+01 -4.499999999999999289e+01
1.254129202336215698e+01 2.144784071814714466e+01 -4.499999999999999289e+01
1.345325890434850535e+01 2.102074221157355893e+01 -4.499999999999999289e+01
1.436582965226306641e+01 2.059483651626184297e+01 -4.500000000000000000e+01
1.525439629170646150e+01 2.012247960408674885e+01 -4.499999999999999289e+01
1.612280232726963192e+01 1.961382761886830295e+01 -4.500000000000000711e+01
1.699681862589262238e+01 1.911510457347331027e+01 -4.499999999999999289e+01
1.783317971610718189e+01 1.855390365922774265e+01 -4.500000000000005684e+01
1.870572800119602874e+01 1.805172130752468007e+01 -4.500000000000002842e+01
1.953681382665966026e+01 1.748353986227324341e+01 -4.499999999999997158e+01
2.041026663747846115e+01 1.698399482824925499e+01 -4.500000000000000000e+01
2.126381886861539883e+01 1.645224403183456729e+01 -4.499999999999999289e+01
2.216900201784379476e+01 1.601165544088751957e+01 -4.499999999999997158e+01
2.306686828643545439e+01 1.556636874321820763e+01 -4.499999999999995026e+01
2.402909488697937945e+01 1.524949509146360782e+01 -4.500000000000000711e+01
2.501286166688339918e+01 1.507845765106128333e+01 -4.499999999999999289e+01
2.600448329758703281e+01 1.494843468569098732e+01 -4.500000000000000711e+01
2.700566984842863150e+01 1.510641967329784841e+01 -4.500000000000000711e+01
2.795734763930349587e+01 1.537305532924747631e+01 -4.500000000000001421e+01
2.883262364415022461e+01 1.589702946552780283e+01 -4.500000000000000000e+01
2.959561788586971431e+01 1.654033233009169379e+01 -4.500000000000000711e+01
3.023391088824048012e+01 1.733391746400840816e+01 -4.500000000000000711e+01
3.079774692907047751e+01 1.816455726329816400e+01 -4.500000000000002132e+01
3.121044345560344269e+01 1.908360676330205763e+01 -4.500000000000000000e+01
3.160838587158367829e+01 2.000721578220371555e+01 -4.500000000000000711e+01
3.195025591348946392e+01 2.095470380676652056e+01 -4.500000000000000000e+01
3.222342050874365071e+01 2.192443123171131703e+01 -4.499999999999999289e+01
3.241990549693618817e+01 2.291207541669604453e+01 -4.499999999999997158e+01
3.257965196579024081e+01 2.390571891737402765e+01 -4.500000000000000711e+01
3.272299388248744378e+01 2.490221053844486576e+01 -4.499999999999997868e+01
3.282820829391401674e+01 2.590384505280302108e+01 -4.500000000000000711e+01
3.288711887749357743e+01 2.690911749851100154e+01 -4.500000000000000711e+01
3.294282494722338583e+01 2.791426345311953838e+01 -4.500000000000000711e+01
3.295846997124456124e+01 2.892141743497960604e+01 -4.499999999999998579e+01
3.294881376587568411e+01 2.992818737418750175e+01 -4.500000000000000000e+01
3.292326728899907096e+01 3.093493903380700871e+01 -4.500000000000000000e+01
3.286571591708879225e+01 3.194039832763340669e+01 -4.500000000000000000e+01
3.279300565253525690e+01 3.294479224805577644e+01 -4.500000000000001421e+01
3.269548623326366510e+01 3.394711686302305509e+01 -4.500000000000000000e+01
3.258219881360903969e+01 3.494772787800949487e+01 -4.500000000000000000e+01
3.244964398090421298e+01 3.594607331825721985e+01 -4.499999999999999289e+01
3.229310116529746466e+01 3.694084425569184305e+01 -4.500000000000004263e+01
3.212071458247323363e+01 3.793301642971681531e+01 -4.500000000000001421e+01
3.191280276910483238e+01 3.891826185685290795e+01 -4.500000000000000000e+01
3.168899143085276293e+01 3.990021360738219869e+01 -4.500000000000000000e+01
3.143321851864500260e+01 4.087424919596889339e+01 -4.499999999999998579e+01
3.115748078738299753e+01 4.184253040590829187e+01 -4.500000000000000711e+01
3.085921684193484182e+01 4.280436788944237492e+01 -4.500000000000000711e+01
3.051048794121301810e+01 4.374924391110649680e+01 -4.499999999999999289e+01
3.009603596543210813e+01 4.466720591954520359e+01 -4.500000000000000000e+01
2.963407206561910456e+01 4.556195661705586986e+01 -4.500000000000002132e+01
2.911818314651480932e+01 4.642637563044215199e+01 -4.499999999999997868e+01
2.851870931807847853e+01 4.723492688729954381e+01 -4.500000000000000000e+01
2.784936891136724668e+01 4.798715657733628603e+01 -4.500000000000000711e+01
2.711628658372317702e+01 4.867680354160993517e+01 -4.499999999999998579e+01
2.630736219037843426e+01 4.927647622366639979e+01 -4.500000000000000000e+01
2.545312669211016043e+01 4.980966361360679429e+01 -4.500000000000000711e+01
2.456580526440345480e+01 5.028590978278982249e+01 -4.500000000000000000e+01
2.363571405289668448e+01 5.067157582692122730e+01 -4.499999999999998579e+01
2.268621103745937972e+01 5.100655650061612789e+01 -4.500000000000000711e+01
2.172535149224228235e+01 5.130769496489023851e+01 -4.500000000000000000e+01
2.075503279799094258e+01 5.157741927557698602e+01 -4.499999999999999289e+01
1.977712658224888997e+01 5.181805883817028757e+01 -4.499999999999997868e+01
1.879239572446414286e+01 5.202888571566415266e+01 -4.500000000000000000e+01
1.780028443080790623e+01 5.220152541973351390e+01 -4.500000000000002132e+01
1.680803410543174792e+01 5.237339737051286193e+01 -4.500000000000000711e+01
1.581361389796486172e+01 5.253246594067466191e+01 -4.500000000000000000e+01
1.481702124809492460e+01 5.267688384584178607e+01 -4.500000000000000000e+01
1.382107325362999539e+01 5.282555856215955004e+01 -4.500000000000000711e+01
1.282397481739393541e+01 5.296665108663088972e+01 -4.500000000000001421e+01
1.182481729706227824e+01 5.309258558954432772e+01 -4.499999999999999289e+01
1.082636957973333658e+01 5.322338593883705471e+01 -4.500000000000000711e+01
9.826826262478727259e+00 5.334617816067126483e+01 -4.500000000000000711e+01
8.825538908046471676e+00 5.345428377664274677e+01 -4.500000000000007105e+01
7.823750362261664648e+00 5.355732909248948914e+01 -4.500000000000001421e+01
6.820048502059234075e+00 5.363888775358820027e+01 -4.499999999999999289e+01
5.816072169995638141e+00 5.371791193643764473e+01 -4.500000000000000711e+01
4.810951856417577055e+00 5.378061968223471467e+01 -4.500000000000001421e+01
3.805368780736535061e+00 5.383465778011790803e+01 -4.500000000000000000e+01
2.799254444605444370e+00 5.387842446098430571e+01 -4.500000000000000000e+01
1.792642920557545594e+00 5.390821092518067559e+01 -4.500000000000000000e+01
7.857721820402298052e-01 5.392831829596834581e+01 -4.499999999999999289e+01
-2.212813651149281580e-01 5.393123846557154621e+01 -4.500000000000002132e+01
-1.228282500565333057e+00 5.392630456779006209e+01 -4.499999999999999289e+01
-2.235202718785255893e+00 5.390705184995201193e+01 -4.500000000000000711e+01
-3.241550306309776364e+00 5.387052531734276073e+01 -4.500000000000000711e+01
-4.247805522589973570e+00 5.383125921203207298e+01 -4.500000000000000000e+01
-5.253051816577540833e+00 5.376966035048557302e+01 -4.500000000000000000e+01
-6.257777836964605989e+00 5.370280537269913879e+01 -4.500000000000000711e+01
-7.262156186370615885e+00 5.362925691199637868e+01 -4.500000000000001421e+01
-8.264945442126947484e+00 5.353611629198199751e+01 -4.500000000000001421e+01
-9.265612220033439428e+00 5.342267460655509836e+01 -4.500000000000006395e+01
-1.026547039684703044e+01 5.330284120861202268e+01 -4.500000000000000000e+01
-1.126408796112272093e+01 5.317258044553101115e+01 -4.500000000000000711e+01
-1.226070945580962501e+01 5.302866694241011203e+01 -4.499999999999999289e+01
-1.325871320003841092e+01 5.289375399499066077e+01 -4.499999999999999289e+01
-1.425337137620758199e+01 5.273635300306599305e+01 -4.499999999999999289e+01
-1.524935761184097593e+01 5.258792347255334221e+01 -4.499999999999999289e+01
-1.624346112720787971e+01 5.242699019736326704e+01 -4.500000000000000000e+01
-1.723625747231398009e+01 5.225856535685149851e+01 -4.499999999999998579e+01
-1.822943283565185624e+01 5.209212006760480307e+01 -4.500000000000001421e+01
-1.921838387399310832e+01 5.190151519935663771e+01 -4.499999999999998579e+01
-2.019730264644320528e+01 5.166498597760327982e+01 -4.499999999999998579e+01
-2.117445997873480579e+01 5.142185489038064361e+01 -4.500000000000001421e+01
-2.213953205684162739e+01 5.113373412748451585e+01 -4.500000000000002132e+01
-2.310120915273399334e+01 5.083753780138250988e+01 -4.499999999999999289e+01
-2.404530297356194879e+01 5.048585820227256704e+01 -4.499999999999998579e+01
-2.496753399120250094e+01 5.008439441080123089e+01 -4.499999999999999289e+01
-2.584888147856121776e+01 4.959715189778078326e+01 -4.499999999999999289e+01
-2.669752139628307930e+01 4.905286866302211024e+01 -4.499999999999999289e+01
-2.748723272981451160e+01 4.842858629996471365e+01 -4.500000000000001421e+01
-2.820416754126852510e+01 4.771998969766516296e+01 -4.500000000000000711e+01
-2.884985703602175988e+01 4.694573578542000547e+01 -4.500000000000000000e+01
-2.941693052142285225e+01 4.611341625187961313e+01 -4.500000000000000711e+01
-2.989717167871837589e+01 4.522760038878890754e+01 -4.499999999999997868e+01
-3.032323829203213705e+01 4.431513946425003780e+01 -4.499999999999995737e+01
-3.072829674541283396e+01 4.339399053786091542e+01 -4.499999999999995737e+01
-3.104560720507946669e+01 4.243808263121631086e+01 -4.500000000000000000e+01
-3.130712208034794131e+01 4.146569527771465147e+01 -4.500000000000001421e+01
-3.158408318077532329e+01 4.049753394353718505e+01 -4.500000000000000711e+01
-3.180616194013801135e+01 3.951521839356742305e+01 -4.499999999999999289e+01
-3.203641304932965284e+01 3.853503956872348368e+01 -4.500000000000000711e+01
-3.222130722944164916e+01 3.754468442110351134e+01 -4.499999999999999289e+01
-3.236854458959491154e+01 3.654842518654444916e+01 -4.499999999999997868e+01
-3.250811910308235753e+01 3.555131916206462961e+01 -4.500000000000000711e+01
-3.262992286921659257e+01 3.455152775627433215e+01 -4.499999999999999289e+01
-3.272511702444926840e+01 3.354926180915587253e+01 -4.500000000000001421e+01
-3.281966824337634847e+01 3.254659786428692314e+01 -4.500000000000000711e+01
-3.287406903589504026e+01 3.154100467267527463e+01 -4.499999999999999289e+01
-3.292304463234552969e+01 3.053537199915322731e+01 -4.499999999999999289e+01
-3.294258047089738994e+01 2.952835465929384995e+01 -4.499999999999999289e+01
-3.293538199046084003e+01 2.852148252532846229e+01 -4.500000000000002842e+01
-3.291074037343868497e+01 2.751472945061071229e+01 -4.499999999999999289e+01
-3.285055317439967837e+01 2.650941983141755287e+01 -4.499999999999999289e+01
-3.276809549046542713e+01 2.550579268288427315e+01 -4.500000000000000000e+01
