-1.505459822970245654e+01 3.231865393753926696e+01 4.499999999999999289e+01
-1.415878361876432479e+01 3.182410772918052189e+01 4.500000000000000000e+01
-1.316952750697751284e+01 3.159301531218162040e+01 4.500000000000002132e+01
-1.219255038039252881e+01 3.132118657331762890e+01 4.500000000000000000e+01
-1.120533089714406572e+01 3.106582926383569543e+01 4.499999999999997868e+01
-1.018512711290665251e+01 3.092552575720803887e+01 4.500000000000002132e+01
-9.170282927209184365e+00 3.076136153137824181e+01 4.499999999999999289e+01
-8.149618148690430885e+00 3.068766808029455007e+01 4.499999999999998579e+01
-7.129430448439092238e+00 3.057668217750244111e+01 4.500000000000000711e+01
-6.108703699222688854e+00 3.046955254200727126e+01 4.500000000000000711e+01
-5.084512644841941764e+00 3.041228419208913536e+01 4.500000000000000000e+01
-4.061056039007953977e+00 3.033965471187126184e+01 4.499999999999999289e+01
-3.036421159638797551e+00 3.027959002085843565e+01 4.499999999999999289e+01
-2.010465113571171081e+00 3.025027974596610747e+01 4.499999999999998579e+01
-9.845143842421185676e-01 3.022059561370452840e+01 4.500000000000000000e+01
4.190214068326793273e-02 3.021671158258572376e+01 4.500000000000001421e+01
1.068213647131488031e+00 3.021949363187517079e+01 4.500000000000000711e+01
2.094465753950729869e+00 3.023979422317284715e+01 4.500000000000000711e+01
3.119523104977451222e+00 3.028795133065638367e+01 4.499999999999998579e+01
4.145099490678848753e+00 3.032166613366418773e+01 4.500000000000000711e+01
5.168589134180820110e+00 3.039897791181591558e+01 4.500000000000000000e+01
6.191497630217551063e+00 3.047652125518800048e+01 4.499999999999999289e+01
7.215175764786580181e+00 3.054094992020359456e+01 4.499999999999999289e+01
8.234836146070746210e+00 3.066717206436438659e+01 4.499999999999999289e+01
9.257307624780262145e+00 3.074744362495878391e+01 4.499999999999971578e+01
1.027771476297209396e+01 3.085609965958778034e+01 4.500000000000000711e+01
1.129450912698010967e+01 3.102135678078668235e+01 4.499999999999991473e+01
1.226706185852633801e+01 3.134166314484555116e+01 4.500000000000000000e+01
1.327537941683114830e+01 3.153615936535806696e+01 4.500000000000000000e+01
1.422268524276891277e+01 3.195547083701260149e+01 4.500000000000001421e+01
1.524369575435454927e+01 3.225432349564267298e+01 4.500000000000001421e+01
1.537437940492816146e+01 3.314317439809725840e+01 4.500000000000000711e+01
1.552531626404648968e+01 3.413281775461253886e+01 4.500000000000000711e+01
1.493795375547865767e+01 3.497316737056566893e+01 4.500000000000000711e+01
1.444799493272153512e+01 3.586179638594963137e+01 4.499999999999997868e+01
1.369984621040471495e+01 3.658051236114470584e+01 4.499999999999998579e+01
1.309582117605278206e+01 3.740797285379505155e+01 4.500000000000000000e+01
1.233898335621297093e+01 3.810596018092994086e+01 4.500000000000000000e+01
1.165327972630919184e+01 3.886941214608113171e+01 4.499999999999997158e+01
1.090473099538551338e+01 3.956970884815378753e+01 4.500000000000000000e+01
1.016067827565826498e+01 4.027698017817062492e+01 4.500000000000000711e+01
9.388797691029489911e+00 4.095147517761376577e+01 4.500000000000000000e+01
8.581714470057310251e+00 4.158637930275722283e+01 4.500000000000000711e+01
7.765132602210653268e+00 4.220820121042133621e+01 4.500000000000000711e+01
6.890951633642728780e+00 4.274589459742777109e+01 4.500000000000000711e+01
5.994695179437242949e+00 4.324718055087571855e+01 4.499999999999998579e+01
5.076057668438589410e+00 4.370375623144653332e+01 4.500000000000000000e+01
4.117072517965000955e+00 4.406840164631714885e+01 4.499999999999998579e+01
3.128956092346034445e+00 4.434326248628478595e+01 4.499999999999998579e+01
2.129055918296121508e+00 4.457248844254926468e+01 4.499999999999999289e+01
1.111219547609140212e+00 4.471505136323420970e+01 4.499999999999999289e+01
8.739709318670704774e-02 4.476130051303620405e+01 4.500000000000000000e+01
-9.379298323975282514e-01 4.476246916512221219e+01 4.500000000000000000e+01
-1.959351493814358580e+00 4.464980378606875888e+01 4.499999999999999289e+01
-2.966408176098792815e+00 4.446504482243400247e+01 4.500000000000000711e+01
-3.965374716861659543e+00 4.422624434298734286e+01 4.499999999999998579e+01
-4.937973699316728471e+00 4.389838903476731957e+01 4.499999999999998579e+01
-5.863347305596459336e+00 4.345665138157128382e+01 4.500000000000000711e+01
-6.763238582423494627e+00 4.296323822655779168e+01 4.500000000000000000e+01
-7.647512452836080499e+00 4.244096110337444827e+01 4.500000000000000000e+01
-8.470186373197703844e+00 4.182841642159492324e+01 4.500000000000000000e+01
-9.276017513585792074e+00 4.118991719480029445e+01 4.499999999999998579e+01
-1.004353778219080340e+01 4.051015036383968493e+01 4.499999999999998579e+01
-1.078437412475715007e+01 3.979781820716246443e+01 4.500000000000001421e+01
-1.151390596385070886e+01 3.907644415577337327e+01 4.500000000000001421e+01
-1.219923417202378246e+01 3.831151348300154069e+01 4.500000000000000000e+01
-1.291078378889964107e+01 3.757018713382463915e+01 4.500000000000001421e+01
-1.352843516996077788e+01 3.675111848322631403e+01 4.499999999999997158e+01
-1.422008199140499229e+01 3.598625798380064111e+01 4.499999999999997868e+01
-1.471747702849370398e+01 3.509821742969494807e+01 4.500000000000000711e+01
-1.528706844384758767e+01 3.423629667541538169e+01 4.500000000000001421e+01
-1.545951790535090531e+01 3.322171605004622563e+01 4.499999999999998579e+01
-1.505459822970245831e+01 3.231865393753926696e+01 4.500000000000000000e+01
