1.545555176016521948e+01 -3.352385265060864583e+01 4.500000000000000000e+01
1.511558152203571126e+01 -3.446629822091979634e+01 4.499999999999998579e+01
1.459845089558352882e+01 -3.535750408513894172e+01 4.500000000000001421e+01
1.403388915693880712e+01 -3.620166777301140115e+01 4.499999999999998579e+01
1.334759697051065075e+01 -3.697236745484704556e+01 4.500000000000000000e+01
1.272149328422991843e+01 -3.778197591586296511e+01 4.500000000000000711e+01
1.199970725839830799e+01 -3.851569179081280225e+01 4.500000000000000711e+01
1.131989389797524304e+01 -3.928377430457211261e+01 4.500000000000000711e+01
1.057487631188044297e+01 -3.999108161734913836e+01 4.500000000000001421e+01
9.839836862087002700e+00 -4.070800248999447746e+01 4.499999999999999289e+01
9.052789973407262991e+00 -4.136658036304523733e+01 4.499999999999998579e+01
8.248420063586518580e+00 -4.200610174420746290e+01 4.500000000000000711e+01
7.407184943582102221e+00 -4.259283565662550330e+01 4.500000000000000000e+01
6.513765575346440073e+00 -4.309875111273019854e+01 4.499999999999999289e+01
5.617001064127291166e+00 -4.359815268145901257e+01 4.499999999999998579e+01
4.672259413778837356e+00 -4.399984607845727425e+01 4.499999999999999289e+01
3.689459498319482833e+00 -4.429125533349175470e+01 4.499999999999999289e+01
2.690945969920876646e+00 -4.453347101477728387e+01 4.500000000000000000e+01
1.676576651829803311e+00 -4.467545283043178017e+01 4.499999999999999289e+01
6.558213836234436656e-01 -4.477913308632587075e+01 4.500000000000002132e+01
-3.713755844752370527e-01 -4.475972225433308438e+01 4.500000000000000000e+01
-1.391589867340345732e+00 -4.467172536775326819e+01 4.500000000000002132e+01
-2.407382199506996390e+00 -4.452321800366019033e+01 4.500000000000000000e+01
-3.404661637516823269e+00 -4.427747471965854942e+01 4.500000000000000000e+01
-4.384633267507451748e+00 -4.397538901458884908e+01 4.500000000000000711e+01
-5.333591271016889124e+00 -4.358614994281627020e+01 4.499999999999998579e+01
-6.240721774167806934e+00 -4.310694557389821568e+01 4.499999999999999289e+01
-7.134214167594977951e+00 -4.260190883547637952e+01 4.499999999999999289e+01
-7.992921224538924285e+00 -4.204107061461303374e+01 4.500000000000000711e+01
-8.802847496231407831e+00 -4.141054373524196563e+01 4.500000000000000000e+01
-9.613552038456822046e+00 -4.077963398944740447e+01 4.499999999999999289e+01
-1.036426241219154853e+01 -4.008127735998966301e+01 4.500000000000000000e+01
-1.112356758080927932e+01 -3.938894877604317202e+01 4.500000000000003553e+01
-1.184423454775174811e+01 -3.866146891433380972e+01 4.499999999999999289e+01
-1.254890852673431390e+01 -3.791434448225378873e+01 4.499999999999999289e+01
-1.325208369763613980e+01 -3.717390814797219889e+01 4.500000000000000000e+01
-1.388151057397483612e+01 -3.636363220768893711e+01 4.499999999999999289e+01
-1.457393221253664350e+01 -3.561804724525389787e+01 4.499999999999999289e+01
-1.506067606743011744e+01 -3.472010450507526969e+01 4.500000000000000000e+01
-1.557844746415659465e+01 -3.389765518469896222e+01 4.499999999999999289e+01
-1.540451659301536225e+01 -3.283986014516845131e+01 4.500000000000000000e+01
-1.492846507481101703e+01 -3.215427268445942843e+01 4.500000000000002132e+01
-1.396440754456838462e+01 -3.183354078858355507e+01 4.499999999999999289e+01
-1.299596662974438566e+01 -3.147610235316536631e+01 4.499999999999999289e+01
-1.199849933473027797e+01 -3.124829965681679411e+01 4.500000000000000000e+01
-1.101443744144364878e+01 -3.096753227084432680e+01 4.500000000000004263e+01
-9.993433610374536258e+00 -3.084410931148433832e+01 4.500000000000003553e+01
-8.974458597282616523e+00 -3.070750727983889306e+01 4.500000000000005684e+01
-7.951672157197005042e+00 -3.063617496731869139e+01 4.499999999999998579e+01
-6.930894540812598592e+00 -3.052872799537993487e+01 4.500000000000000711e+01
-5.908554586488643956e+00 -3.044220837726965456e+01 4.500000000000001421e+01
-4.884281626569570989e+00 -3.038823032129089086e+01 4.500000000000000000e+01
-3.861198967561263018e+00 -3.030641697851648431e+01 4.500000000000002132e+01
-2.835634503415687568e+00 -3.026969603911773277e+01 4.500000000000000711e+01
-1.810093186136571441e+00 -3.023987462614817545e+01 4.499999999999998579e+01
-7.841023600531026316e-01 -3.021327452618067255e+01 4.500000000000000000e+01
2.422335186071424284e-01 -3.021794639261166182e+01 4.499999999999999289e+01
1.268529091200964798e+00 -3.022545208792896076e+01 4.500000000000000711e+01
2.294288648084974458e+00 -3.025954464484645001e+01 4.499999999999999289e+01
3.319654047394956731e+00 -3.029904734184318116e+01 4.499999999999999289e+01
4.344782458198167774e+00 -3.034626396899538392e+01 4.499999999999999289e+01
5.367148571541435764e+00 -3.043697086829789811e+01 4.500000000000002842e+01
6.390361868415672220e+00 -3.050611724097162281e+01 4.500000000000001421e+01
7.412733608093348359e+00 -3.058285226787410238e+01 4.499999999999997158e+01
8.430971876759837613e+00 -3.072233664593559510e+01 4.500000000000000711e+01
9.450556496922990490e+00 -3.080488450558994629e+01 4.500000000000000000e+01
1.045841926313676140e+01 -3.099618239877974801e+01 4.500000000000000000e+01
1.147836965248049168e+01 -3.113287772592908809e+01 4.500000000000000000e+01
1.247929408118546846e+01 -3.134042827465541947e+01 4.499999999999999289e+01
1.343473635472022920e+01 -3.168608881420303547e+01 4.499999999999997868e+01
1.439155895638174698e+01 -3.199324904996250041e+01 4.499999999999998579e+01
1.525982680766275834e+01 -3.251954259972122685e+01 4.500000000000002132e+01
1.545555176016521948e+01 -3.352385265060866004e+01 4.500000000000000000e+01
