-2.882069874804863829e+01 -2.761904907226563566e+01 4.499999999999999289e+01
-2.864326151005214527e+01 -2.661913258871314625e+01 4.499999999999999289e+01
-2.838341248274826256e+01 -2.564303925917669602e+01 4.500000000000001421e+01
-2.807488109800319620e+01 -2.467752602858611155e+01 4.499999999999999289e+01
-2.763420340921869922e+01 -2.376444934041016666e+01 4.499999999999997158e+01
-2.708373121433942998e+01 -2.292638029222495177e+01 4.499999999999999289e+01
-2.634001388931975640e+01 -2.222882906845265438e+01 4.500000000000001421e+01
-2.547397334818935377e+01 -2.173991788333224662e+01 4.500000000000000711e+01
-2.450954786621863590e+01 -2.139465831735247647e+01 4.499999999999999289e+01
-2.351094179166394582e+01 -2.139882486876154388e+01 4.500000000000000000e+01
-2.250510241633232056e+01 -2.142923678030254564e+01 4.500000000000000000e+01
-2.151421529936406074e+01 -2.166467524910144249e+01 4.500000000000000711e+01
-2.056120736071222765e+01 -2.198672110548736569e+01 4.500000000000000711e+01
-1.959092336039014270e+01 -2.227956154387544530e+01 4.499999999999999289e+01
-1.867636176138692861e+01 -2.271767186839104014e+01 4.499999999999999289e+01
-1.773290815336785897e+01 -2.308048640645921523e+01 4.500000000000002132e+01
-1.678225873132882739e+01 -2.343069162146225182e+01 4.500000000000000000e+01
-1.585452173975622792e+01 -2.383763282579059961e+01 4.500000000000000711e+01
-1.490151042360190914e+01 -2.417764461950859811e+01 4.500000000000000711e+01
-1.394822172651280567e+01 -2.451630310071497121e+01 4.500000000000003553e+01
-1.297326910853529292e+01 -2.479563342679388427e+01 4.500000000000002842e+01
-1.200880297344303749e+01 -2.510456272508707443e+01 4.500000000000000000e+01
-1.102848671840261296e+01 -2.536179861607169528e+01 4.500000000000001421e+01
-1.003261887172530109e+01 -2.555001024121424535e+01 4.500000000000001421e+01
-9.034892823055141520e+00 -2.572347172569348217e+01 4.500000000000001421e+01
-8.032828046134701694e+00 -2.587545111925078345e+01 4.499999999999994316e+01
-7.024488691068871304e+00 -2.598372640917279952e+01 4.499999999999999289e+01
-6.016908806117660546e+00 -2.609823093060710875e+01 4.499999999999997158e+01
-5.006552536654401919e+00 -2.617552977747947907e+01 4.500000000000001421e+01
-3.995752724301503633e+00 -2.624938958810649936e+01 4.500000000000000711e+01
-2.983390429818063794e+00 -2.630271648106780447e+01 4.500000000000002132e+01
-1.970183343117995367e+00 -2.633151207243196623e+01 4.500000000000000000e+01
-9.568331938165579587e-01 -2.635731699906716230e+01 4.500000000000000000e+01
5.686095645222002948e-02 -2.636182557045011521e+01 4.499999999999999289e+01
1.070520927876021489e+00 -2.636109274656368484e+01 4.500000000000000711e+01
2.084058909569835194e+00 -2.634108147834163205e+01 4.500000000000000711e+01
3.096978966457890614e+00 -2.630657570140730428e+01 4.500000000000002132e+01
4.109963317360851853e+00 -2.627234279325089972e+01 4.500000000000000711e+01
5.120685866029085709e+00 -2.619061415676431182e+01 4.500000000000000000e+01
6.131010678086610710e+00 -2.611714772707807342e+01 4.499999999999988631e+01
7.139278287989634819e+00 -2.601025925371234138e+01 4.500000000000001421e+01
8.147142346805006596e+00 -2.589224462808344640e+01 4.499999999999997868e+01
9.144469582765264448e+00 -2.571745472004140609e+01 4.500000000000001421e+01
1.014635192678521669e+01 -2.556205136519508869e+01 4.500000000000001421e+01
1.112908050101374080e+01 -2.531399663538397249e+01 4.500000000000000000e+01
1.211744298361125516e+01 -2.509387942782070624e+01 4.500000000000002842e+01
1.308384704599221493e+01 -2.478514475644800541e+01 4.500000000000005684e+01
1.404501897542761313e+01 -2.446307817249460115e+01 4.500000000000005684e+01
1.500681587118598692e+01 -2.414348543508337741e+01 4.499999999999999289e+01
1.594082867202417475e+01 -2.374874721604326311e+01 4.499999999999998579e+01
1.688387602590330161e+01 -2.337734531400408144e+01 4.499999999999999289e+01
1.782117940571995973e+01 -2.299133201118745973e+01 4.500000000000000000e+01
1.875185274182668849e+01 -2.258925645990107256e+01 4.500000000000002132e+01
1.969171003572915168e+01 -2.221015946404440555e+01 4.500000000000000711e+01
2.064812670822001550e+01 -2.187298704001145211e+01 4.500000000000000711e+01
2.161664340231857651e+01 -2.157671707694666452e+01 4.500000000000000711e+01
2.260844585560403175e+01 -2.136446048686410748e+01 4.500000000000000711e+01
2.361897135101875733e+01 -2.130049747287572970e+01 4.499999999999997868e+01
2.462473646831054808e+01 -2.139729861571227687e+01 4.500000000000000711e+01
2.558792421853490140e+01 -2.172629020961296575e+01 4.500000000000000000e+01
2.641023763131908808e+01 -2.230569699508163595e+01 4.500000000000001421e+01
2.713848503805124679e+01 -2.301049162474741294e+01 4.500000000000009237e+01
2.768468241820715292e+01 -2.386057701241431772e+01 4.500000000000027711e+01
2.809306553432828579e+01 -2.478739640771799557e+01 4.500000000000000711e+01
2.841661080545851803e+01 -2.574788748246589520e+01 4.500000000000001421e+01
2.864818682184940357e+01 -2.673501073075623324e+01 4.499999999999999289e+01
2.880902929891760067e+01 -2.773548253347309256e+01 4.500000000000001421e+01
2.890120542546906890e+01 -2.874604628754245894e+01 4.500000000000002842e+01
2.890974827075353915e+01 -2.975953332734752266e+01 4.499999999999997868e+01
2.887712932763417228e+01 -3.077264341487580168e+01 4.499999999999999289e+01
2.877225737250034143e+01 -3.178149728213487535e+01 4.500000000000001421e+01
2.861948894104737562e+01 -3.278264902598775166e+01 4.499999999999999289e+01
2.843338726955255069e+01 -3.377951208353859158e+01 4.500000000000000000e+01
2.819069110263686895e+01 -3.476309373571677952e+01 4.500000000000000711e+01
2.793601389487065845e+01 -3.574438023205942727e+01 4.500000000000000000e+01
2.764401857849364319e+01 -3.671542495427470243e+01 4.500000000000007816e+01
2.726275359573367751e+01 -3.765385433542688531e+01 4.500000000000004974e+01
2.683750391846217198e+01 -3.857370644408063498e+01 4.500000000000002842e+01
2.640598337081862468e+01 -3.949256475476807537e+01 4.499999999999999289e+01
2.591338979453939828e+01 -4.037837246256455614e+01 4.500000000000000000e+01
2.531577756120072564e+01 -4.119692300797622408e+01 4.500000000000000711e+01
2.471381469074444936e+01 -4.201265181381999270e+01 4.499999999999998579e+01
2.405150364736605795e+01 -4.277920927726511025e+01 4.500000000000000711e+01
2.331557874467285529e+01 -4.347725859268967952e+01 4.500000000000000000e+01
2.252992170611932465e+01 -4.411751626294002904e+01 4.500000000000001421e+01
2.169187566026940672e+01 -4.468875145162201079e+01 4.499999999999999289e+01
2.084564617948251097e+01 -4.524609289674319257e+01 4.500000000000000000e+01
1.995316864617342034e+01 -4.572659762651738191e+01 4.500000000000000711e+01
1.903592253586798577e+01 -4.615842210933924150e+01 4.500000000000000000e+01
1.811536078324493104e+01 -4.658273612466419422e+01 4.499999999999997868e+01
1.719162552751862094e+01 -4.700069167794782743e+01 4.499999999999997868e+01
1.623894789061263921e+01 -4.734668688429740513e+01 4.499999999999999289e+01
1.528399470853866227e+01 -4.768672415180519408e+01 4.499999999999999289e+01
1.432723040698501293e+01 -4.802177041917511957e+01 4.500000000000000000e+01
1.337073659144958349e+01 -4.835742240061387065e+01 4.500000000000000000e+01
1.241159902948610139e+01 -4.868537612567320849e+01 4.500000000000000711e+01
1.143106586905003219e+01 -4.894257976946721556e+01 4.500000000000000711e+01
1.045155339636896841e+01 -4.920393699470605497e+01 4.500000000000000000e+01
9.464939097618140451e+00 -4.943639961080256029e+01 4.499999999999999289e+01
8.479890826668697201e+00 -4.967541030018252002e+01 4.499999999999999289e+01
7.486383965745721625e+00 -4.987710010265655569e+01 4.500000000000001421e+01
6.492684141365665518e+00 -5.007583378848071476e+01 4.499999999999997868e+01
5.492769686482407820e+00 -5.024382516968366019e+01 4.500000000000000000e+01
4.486495634887114115e+00 -5.036875260317827951e+01 4.500000000000000000e+01
3.476580546075853650e+00 -5.045354900090242722e+01 4.499999999999997868e+01
2.465734953274015151e+00 -5.053007418026034969e+01 4.500000000000000000e+01
1.452678417317657900e+00 -5.056918414842114373e+01 4.500000000000000000e+01
4.393382733668222961e-01 -5.058610187560562110e+01 4.500000000000000000e+01
-5.744418114319964630e-01 -5.058449307322556621e+01 4.500000000000001421e+01
-1.587532439097085968e+00 -5.054885753729369924e+01 4.500000000000000711e+01
-2.599657206973851498e+00 -5.049379019979961214e+01 4.499999999999998579e+01
-3.610282449691069928e+00 -5.041443828491588164e+01 4.499999999999998579e+01
-4.618433816233429745e+00 -5.030887294064802973e+01 4.500000000000000000e+01
-5.622349147363314259e+00 -5.016857727482682350e+01 4.500000000000001421e+01
-6.621463425091191901e+00 -4.999703602856377671e+01 4.500000000000000000e+01
-7.616927469697155395e+00 -4.980538522484282993e+01 4.500000000000000711e+01
-8.608040109658237071e+00 -4.959282649325128034e+01 4.499999999999999289e+01
-9.597391692099760618e+00 -4.937218686405440593e+01 4.500000000000000000e+01
-1.058328607408428823e+01 -4.913633319663332344e+01 4.499999999999998579e+01
-1.156528676357831564e+01 -4.888479152273325212e+01 4.500000000000000000e+01
-1.254593800924820712e+01 -4.862853493156313078e+01 4.500000000000000711e+01
-1.350827886618973395e+01 -4.830986385475664235e+01 4.500000000000000711e+01
-1.447172778435430551e+01 -4.799463984923119853e+01 4.499999999999999289e+01
-1.543229964911151519e+01 -4.767077911869252915e+01 4.500000000000002132e+01
-1.639100853019598958e+01 -4.734140203571546124e+01 4.499999999999997868e+01
-1.734486918341886508e+01 -4.699889536371985344e+01 4.499999999999999289e+01
-1.827224923006773238e+01 -4.658945979612721544e+01 4.500000000000002132e+01
-1.919325548952830829e+01 -4.616554984908569281e+01 4.500000000000000711e+01
-2.010378915265005872e+01 -4.572023981283117422e+01 4.500000000000001421e+01
-2.099097556862641767e+01 -4.523137386265489113e+01 4.499999999999998579e+01
-2.182794059372115214e+01 -4.466060773360301539e+01 4.500000000000001421e+01
-2.266128744814273333e+01 -4.408254819312335826e+01 4.500000000000000711e+01
-2.341171876359187820e+01 -4.340272761974888027e+01 4.500000000000000000e+01
-2.414278913042278063e+01 -4.269908758065262333e+01 4.500000000000001421e+01
-2.479247482693675408e+01 -4.192253447039073677e+01 4.500000000000001421e+01
-2.539358379023436640e+01 -4.110584090886288777e+01 4.500000000000000711e+01
-2.597050133979557529e+01 -4.027308947658153926e+01 4.500000000000001421e+01
-2.643956390852839533e+01 -3.937378891898690370e+01 4.500000000000000000e+01
-2.689017291572469759e+01 -3.846593094227124254e+01 4.500000000000001421e+01
-2.731876518379972651e+01 -3.754716156112882430e+01 4.500000000000002842e+01
-2.767317277336372783e+01 -3.659819795899235118e+01 4.499999999999998579e+01
-2.797085620309501408e+01 -3.562886394246149280e+01 4.500000000000000000e+01
-2.823539070605235679e+01 -3.465012001218045157e+01 4.500000000000001421e+01
-2.846253942588904451e+01 -3.366262806643929650e+01 4.500000000000000000e+01
-2.866455996196152256e+01 -3.266875817915221347e+01 4.499999999999998579e+01
-2.880174230855931938e+01 -3.166374485449345855e+01 4.500000000000004263e+01
-2.889101426943348372e+01 -3.065519755743567387e+01 4.499999999999999289e+01
-2.894694577751439724e+01 -2.964123521441055331e+01 4.500000000000000711e+01
-2.885172640105845332e+01 -2.863192131680200347e+01 4.499999999999995737e+01
-2.882069874804864185e+01 -2.761904907226562500e+01 4.500000000000000000e+01
