-3.293526191751990950e+01 -2.761904907226562500e+01 4.500000000000000000e+01
-3.287155257022569543e+01 -2.661396256192859155e+01 4.500000000000000711e+01
-3.279410643901188394e+01 -2.561039697900133305e+01 4.500000000000002132e+01
-3.269103704102003150e+01 -2.460871092227302626e+01 4.500000000000000711e+01
-3.254202071513704908e+01 -2.361263255844038866e+01 4.500000000000000000e+01
-3.235803259370392482e+01 -2.262294357269303902e+01 4.500000000000000000e+01
-3.214864266363357359e+01 -2.163817885969626431e+01 4.500000000000000000e+01
-3.184112446232268567e+01 -2.068020586721202747e+01 4.500000000000000711e+01
-3.150812284760566584e+01 -1.972958803286189067e+01 4.499999999999999289e+01
-3.108436679723008922e+01 -1.881627147600962502e+01 4.499999999999999289e+01
-3.065264053292369084e+01 -1.790680460619465819e+01 4.499999999999999289e+01
-3.004715577112556346e+01 -1.710250863309460456e+01 4.500000000000000000e+01
-2.939412013934741097e+01 -1.632310842944071538e+01 4.500000000000002132e+01
-2.857669498987539214e+01 -1.574284162123187158e+01 4.499999999999999289e+01
-2.769049327288028906e+01 -1.525105555272967983e+01 4.500000000000000000e+01
-2.670916300198907933e+01 -1.507934927070927067e+01 4.500000000000000711e+01
-2.571548665337134665e+01 -1.494102251752437027e+01 4.499999999999999289e+01
-2.471475275622413648e+01 -1.510488581712791678e+01 4.500000000000000000e+01
-2.375599198660768252e+01 -1.537042134080760469e+01 4.500000000000000711e+01
-2.279374135246100508e+01 -1.567255614628030003e+01 4.499999999999995737e+01
-2.191198439116408991e+01 -1.615829960887576888e+01 4.499999999999999289e+01
-2.101144166118991308e+01 -1.660387654883340147e+01 4.500000000000000000e+01
-2.015373681852167564e+01 -1.713122723413396642e+01 4.499999999999999289e+01
-1.929436191571970483e+01 -1.765240330331233665e+01 4.499999999999997868e+01
-1.844559172897728416e+01 -1.819304605767586480e+01 4.500000000000009948e+01
-1.759207691234731641e+01 -1.872587415170037417e+01 4.500000000000002842e+01
-1.673264153788356268e+01 -1.924916245994118569e+01 4.500000000000000000e+01
-1.586620902637790742e+01 -1.976114106437053763e+01 4.499999999999999289e+01
-1.498593136869818565e+01 -2.024699671454488836e+01 4.500000000000002132e+01
-1.409630760308479935e+01 -2.071613853485530399e+01 4.499999999999999289e+01
-1.317996900915015601e+01 -2.113361212070444495e+01 4.499999999999998579e+01
-1.226738453684280294e+01 -2.155786429830648032e+01 4.500000000000000000e+01
-1.132668539246086858e+01 -2.191707967225456954e+01 4.499999999999999289e+01
-1.036894330948800480e+01 -2.222873514182665744e+01 4.500000000000000000e+01
-9.409252348122025822e+00 -2.253442050542066255e+01 4.499999999999999289e+01
-8.433561100104881803e+00 -2.278177172548940987e+01 4.499999999999999289e+01
-7.452424534434276993e+00 -2.300583739776067205e+01 4.500000000000000000e+01
-6.462921384336171471e+00 -2.319338025798017355e+01 4.500000000000000711e+01
-5.466228794725731532e+00 -2.333881499902003043e+01 4.499999999999999289e+01
-4.466013329405674526e+00 -2.345537101484975295e+01 4.500000000000000000e+01
-3.464779149372228861e+00 -2.356247574770377540e+01 4.500000000000004974e+01
-2.460892985177096204e+00 -2.364172336345797731e+01 4.500000000000000000e+01
-1.454962026448731072e+00 -2.368910871651372574e+01 4.499999999999998579e+01
-4.483589741654775973e-01 -2.371697751981289670e+01 4.499999999999999289e+01
5.587795580617642699e-01 -2.371718446656353052e+01 4.499999999999999289e+01
1.565296230424046087e+00 -2.369180587497002577e+01 4.500000000000002132e+01
2.571613175023510944e+00 -2.365380367956812080e+01 4.499999999999998579e+01
3.575330367767513895e+00 -2.356960643272396538e+01 4.500000000000000711e+01
4.577197817024884152e+00 -2.347102780386627430e+01 4.499999999999997868e+01
5.576833387305136114e+00 -2.335034578476358647e+01 4.499999999999999289e+01
6.573017612301598867e+00 -2.319902118900736809e+01 4.499999999999997868e+01
7.557584634016636826e+00 -2.299253839123540288e+01 4.500000000000000000e+01
8.544059759290156819e+00 -2.278916799108852587e+01 4.500000000000000000e+01
9.510108125646290489e+00 -2.250643298851887053e+01 4.500000000000002132e+01
1.047591291921901480e+01 -2.222207242358669532e+01 4.499999999999999289e+01
1.142736238427549544e+01 -2.189009763500504846e+01 4.500000000000001421e+01
1.235548542699319974e+01 -2.150201242659745304e+01 4.500000000000000711e+01
1.328159904499622357e+01 -2.110590163710343958e+01 4.500000000000000000e+01
1.418528663350937258e+01 -2.066142185170557966e+01 4.500000000000000711e+01
1.507839814630200692e+01 -2.019645974650510922e+01 4.500000000000001421e+01
1.595512545793178916e+01 -1.970082565625373050e+01 4.500000000000002842e+01
1.681434159236286163e+01 -1.917558618063580766e+01 4.500000000000002132e+01
1.766814700981041497e+01 -1.864154969609984391e+01 4.500000000000005684e+01
1.852518557100285435e+01 -1.811276620446834684e+01 4.500000000000018474e+01
1.936902773467167194e+01 -1.756254975650618277e+01 4.500000000000005684e+01
2.023916692894618308e+01 -1.705589026923722784e+01 4.500000000000001421e+01
2.109456793771406780e+01 -1.652401074349373644e+01 4.500000000000000000e+01
2.199616908946119764e+01 -1.607747968791035831e+01 4.500000000000003553e+01
2.289778974191927219e+01 -1.562987811141513994e+01 4.500000000000000711e+01
2.385000162297126280e+01 -1.529260099027656317e+01 4.500000000000000000e+01
2.482675662217293677e+01 -1.507173093761617899e+01 4.500000000000000711e+01
2.583128091567035156e+01 -1.497019938729054900e+01 4.499999999999999289e+01
2.682966670106008777e+01 -1.509580068490918592e+01 4.500000000000000711e+01
2.779314748854196182e+01 -1.537455940660405140e+01 4.499999999999999289e+01
2.866649366456845272e+01 -1.587710357792419025e+01 4.500000000000000000e+01
2.945336898632235290e+01 -1.649859523081636326e+01 4.499999999999999289e+01
3.010426956810979604e+01 -1.726729361584237310e+01 4.499999999999998579e+01
3.068897509477089613e+01 -1.808593425069591021e+01 4.500000000000000711e+01
3.114389838986827996e+01 -1.898432538331202224e+01 4.500000000000001421e+01
3.153198944643057189e+01 -1.991317105287803102e+01 4.500000000000000711e+01
3.186672440128826977e+01 -2.086237583785336014e+01 4.499999999999999289e+01
3.215479041223881040e+01 -2.182699689736292115e+01 4.500000000000001421e+01
3.237230828835166108e+01 -2.281025848492927111e+01 4.499999999999997868e+01
3.254538731645924798e+01 -2.380214747919493945e+01 4.500000000000000711e+01
3.268600902378087625e+01 -2.479916112274169038e+01 4.500000000000000711e+01
3.279597720781758596e+01 -2.580014398901370143e+01 4.499999999999999289e+01
3.286992604808217777e+01 -2.680447446593713678e+01 4.500000000000000000e+01
3.292085038959913845e+01 -2.781017851502975091e+01 4.500000000000000000e+01
3.294202887881814945e+01 -2.881712187257358693e+01 4.500000000000000711e+01
3.293495764536562120e+01 -2.982393771035609475e+01 4.499999999999998579e+01
3.291555967697850349e+01 -3.083086967279341906e+01 4.500000000000000711e+01
3.285699834960103516e+01 -3.183622711411639727e+01 4.499999999999999289e+01
3.279351865553265100e+01 -3.284102141772896744e+01 4.500000000000000711e+01
3.270272149443917442e+01 -3.384409756046284912e+01 4.500000000000000000e+01
3.259092070776626571e+01 -3.484465245288308211e+01 4.499999999999998579e+01
3.247485779674092754e+01 -3.584500442203309234e+01 4.500000000000000711e+01
3.232175486872910852e+01 -3.684043796456665376e+01 4.499999999999997158e+01
3.216821969673977577e+01 -3.783559897484074952e+01 4.499999999999999289e+01
3.197455920065772972e+01 -3.882403646408785391e+01 4.499999999999999289e+01
3.174230940387428390e+01 -3.980398474308938717e+01 4.500000000000002132e+01
3.150633848793737712e+01 -4.078261256334126017e+01 4.500000000000000000e+01
3.123115941005597662e+01 -4.175142183594849854e+01 4.500000000000001421e+01
3.095844085158876169e+01 -4.272050375397315491e+01 4.499999999999991473e+01
3.062582612061338239e+01 -4.367161622561178547e+01 4.499999999999995026e+01
3.019825924079623292e+01 -4.458304858020396466e+01 4.499999999999986500e+01
2.976483029648710144e+01 -4.549206310073279980e+01 4.500000000000000711e+01
2.925939924926009184e+01 -4.636397662610013271e+01 4.500000000000000000e+01
2.866757259431206961e+01 -4.717872707198639404e+01 4.500000000000001421e+01
2.800096489361276753e+01 -4.793552510657401911e+01 4.500000000000001421e+01
2.726306774398157273e+01 -4.862143147244458419e+01 4.499999999999999289e+01
2.645297121070732160e+01 -4.921963682000904328e+01 4.500000000000000000e+01
2.559300546711901703e+01 -4.974562956631718436e+01 4.500000000000000000e+01
2.470323267803443201e+01 -5.021724962523387603e+01 4.499999999999999289e+01
2.376692557259772798e+01 -5.058598265615940193e+01 4.499999999999998579e+01
2.282228552843569602e+01 -5.093491350629208370e+01 4.500000000000000000e+01
2.185482587366048080e+01 -5.121404005410431637e+01 4.500000000000000711e+01
2.088922493508984601e+01 -5.149906753415796601e+01 4.500000000000000711e+01
1.990985293656382282e+01 -5.173463191991624655e+01 4.500000000000000000e+01
1.892862622016331997e+01 -5.196081200763436669e+01 4.500000000000000000e+01
1.793756449433629996e+01 -5.213909979866693334e+01 4.500000000000000000e+01
1.694544264590239635e+01 -5.231199207682242758e+01 4.500000000000000000e+01
1.595092273091013269e+01 -5.246975280231681893e+01 4.500000000000000711e+01
1.495773792981029260e+01 -5.263638146231475901e+01 4.500000000000000000e+01
1.396104168816284918e+01 -5.278033697590439743e+01 4.499999999999999289e+01
1.296587240077322889e+01 -5.293409310874176299e+01 4.500000000000001421e+01
1.196866012810408542e+01 -5.307447858513891248e+01 4.500000000000002132e+01
1.097055526812433435e+01 -5.320787707660907273e+01 4.500000000000000711e+01
9.972684143218810249e+00 -5.334325242372407416e+01 4.499999999999998579e+01
8.971810537909027161e+00 -5.345555199057611162e+01 4.499999999999998579e+01
7.970691537953586980e+00 -5.356496692726322806e+01 4.499999999999997868e+01
6.967247507613095969e+00 -5.364866211839378707e+01 4.500000000000000000e+01
5.963182054008838939e+00 -5.372727328629900967e+01 4.500000000000001421e+01
4.957918021886877469e+00 -5.378595937723876119e+01 4.500000000000000711e+01
3.952631621847434218e+00 -5.384564361029975998e+01 4.500000000000000711e+01
2.946267310534540051e+00 -5.388387900787109430e+01 4.500000000000001421e+01
1.939668922613342561e+00 -5.391100448502169229e+01 4.500000000000000000e+01
9.327923923332007705e-01 -5.393118407604676179e+01 4.499999999999999289e+01
-7.426828500343399253e-02 -5.393139023194305537e+01 4.500000000000000711e+01
-1.081258367562072831e+00 -5.392319443053657579e+01 4.499999999999999289e+01
-2.088079971768879162e+00 -5.390101061077265854e+01 4.500000000000000711e+01
-3.094532136919619703e+00 -5.386652233167423276e+01 4.499999999999999289e+01
-4.100580344764411578e+00 -5.382120799553327828e+01 4.500000000000001421e+01
-5.105853593486703090e+00 -5.376156300140261379e+01 4.500000000000002132e+01
-6.110766727838857548e+00 -5.369623522480350175e+01 4.500000000000002132e+01
-7.114782389332229506e+00 -5.361764260023736739e+01 4.499999999999999289e+01
-8.117939587976007232e+00 -5.352924632660899817e+01 4.500000000000000000e+01
-9.119356505580219263e+00 -5.342273421026956015e+01 4.500000000000002132e+01
-1.011981979733848114e+01 -5.330809312984136739e+01 4.500000000000000000e+01
-1.111991794039878201e+01 -5.318961370233193975e+01 4.499999999999997868e+01
-1.211796079920918956e+01 -5.305554792053998625e+01 4.500000000000000000e+01
-1.311605722305595911e+01 -5.292211233250537816e+01 4.500000000000000711e+01
-1.411400238729058998e+01 -5.278706239778657050e+01 4.500000000000000711e+01
-1.510947676650438609e+01 -5.263494280564896144e+01 4.500000000000001421e+01
-1.610490886800735666e+01 -5.248303475898557480e+01 4.499999999999997868e+01
-1.709979319698366851e+01 -5.232716112613167070e+01 4.500000000000000711e+01
-1.809152215246685103e+01 -5.215190259526664107e+01 4.500000000000000711e+01
-1.908222631028373684e+01 -5.197147827383784602e+01 4.500000000000000000e+01
-2.006438956024646458e+01 -5.174897594761077357e+01 4.500000000000007816e+01
-2.104002257365323203e+01 -5.149972689784331692e+01 4.500000000000000711e+01
-2.200874198180160590e+01 -5.122439759435395956e+01 4.499999999999998579e+01
-2.296655265941051738e+01 -5.091328824989019353e+01 4.500000000000002132e+01
-2.391045805800264645e+01 -5.056298826856946960e+01 4.499999999999996447e+01
-2.482873700692774577e+01 -5.015093915109567035e+01 4.500000000000000711e+01
-2.570714982311240249e+01 -4.965891148977530634e+01 4.499999999999999289e+01
-2.654983017302948411e+01 -4.910777717383165708e+01 4.499999999999998579e+01
-2.734208617299264077e+01 -4.848638466450097440e+01 4.500000000000000000e+01
-2.805158722380783587e+01 -4.777176743685966187e+01 4.500000000000000711e+01
-2.870525880789781326e+01 -4.700574481975328212e+01 4.500000000000000000e+01
-2.927845943146878582e+01 -4.617806224072001697e+01 4.499999999999998579e+01
-2.977297562044282841e+01 -4.530109512183673104e+01 4.500000000000000711e+01
-3.022010781196642526e+01 -4.439910436057739673e+01 4.499999999999998579e+01
-3.061737009646305196e+01 -4.347377043505441208e+01 4.500000000000000000e+01
-3.094984403093151570e+01 -4.252323628447562953e+01 4.500000000000000711e+01
-3.124492858079712576e+01 -4.156029053121707051e+01 4.500000000000002132e+01
-3.150672020178280874e+01 -4.058801599048968711e+01 4.500000000000000000e+01
-3.175589004588734099e+01 -3.961245505503642761e+01 4.499999999999999289e+01
-3.197961339307292050e+01 -3.863048355963720581e+01 4.500000000000000000e+01
-3.217715319253374417e+01 -3.764290353689597168e+01 4.499999999999999289e+01
-3.234158819732676449e+01 -3.664934962047146172e+01 4.500000000000005684e+01
-3.248722582193082076e+01 -3.565300402438540317e+01 4.499999999999997868e+01
-3.261908701594746418e+01 -3.465460667686968321e+01 4.500000000000000711e+01
-3.272543302028261536e+01 -3.365318244060487984e+01 4.500000000000000711e+01
-3.281719590392284402e+01 -3.265032922804046933e+01 4.500000000000000711e+01
-3.288345638978329077e+01 -3.164546726346694427e+01 4.499999999999999289e+01
-3.293294760254465814e+01 -3.063969885321721165e+01 4.500000000000000000e+01
-3.295664045652519292e+01 -2.963281374962616255e+01 4.500000000000002132e+01
-3.295248292694891035e+01 -2.862599712840830790e+01 4.500000000000000000e+01
-3.293526191751990950e+01 -2.761904907226562500e+01 4.500000000000000000e+01
