7.246405640640200652e+00 -9.512210845947263849e+00 -4.499999999999997868e+01
7.303553262990918782e+00 -8.480321455262854968e+00 -4.500000000000000711e+01
6.980726854106225510e+00 -7.509858231803438144e+00 -4.500000000000000711e+01
6.417249901146766078e+00 -6.658123617182666543e+00 -4.499999999999997868e+01
5.611019738620475650e+00 -6.016965619224093231e+00 -4.500000000000000000e+01
4.708105352355336670e+00 -5.527210158187164879e+00 -4.500000000000001421e+01
3.732731724274108487e+00 -5.200567976184382601e+00 -4.500000000000000000e+01
2.732051320915358961e+00 -4.957391449270024175e+00 -4.500000000000000000e+01
1.713267912861137887e+00 -4.809100885099507394e+00 -4.500000000000000000e+01
6.881897264550992377e-01 -4.718782469181473260e+00 -4.499999999999999289e+01
-3.428426446806986938e-01 -4.700840378249019125e+00 -4.500000000000000000e+01
-1.367699207809776274e+00 -4.783872787379933378e+00 -4.500000000000000711e+01
-2.391284895824738577e+00 -4.889547125371147551e+00 -4.499999999999999289e+01
-3.392383956880616669e+00 -5.130395176127169776e+00 -4.500000000000000711e+01
-4.392907267943486183e+00 -5.377630801425585361e+00 -4.500000000000000000e+01
-5.326742858017557758e+00 -5.809801265246453461e+00 -4.500000000000000000e+01
-6.195125606263203188e+00 -6.397466500334090256e+00 -4.499999999999999289e+01
-6.830886881343309902e+00 -7.184510250374219531e+00 -4.499999999999998579e+01
-7.266812496281602307e+00 -8.132674937682221383e+00 -4.500000000000000711e+01
-7.295074931343179969e+00 -9.171492259195636265e+00 -4.500000000000001421e+01
-6.981304505090219159e+00 -1.013496273923390234e+01 -4.500000000000001421e+01
-6.504860637869595230e+00 -1.103674516152907259e+01 -4.499999999999999289e+01
-5.824639032071840639e+00 -1.182248506730269000e+01 -4.499999999999994316e+01
-5.015968630036680587e+00 -1.244392059259274852e+01 -4.499999999999999289e+01
-4.139444867036035980e+00 -1.298930965440125895e+01 -4.499999999999997158e+01
-3.196161423164952886e+00 -1.339549557535618085e+01 -4.499999999999999289e+01
-2.208490285242282969e+00 -1.368585138228040243e+01 -4.499999999999999289e+01
-1.189125322973560994e+00 -1.384182064466628681e+01 -4.499999999999999289e+01
-1.654308834739166845e-01 -1.390857906349178919e+01 -4.500000000000000711e+01
8.644362386782090679e-01 -1.390220362570019219e+01 -4.500000000000000711e+01
1.881772316157318992e+00 -1.373836482862585484e+01 -4.499999999999999289e+01
2.887492677922161910e+00 -1.352986945287636544e+01 -4.500000000000000000e+01
3.853301680550149211e+00 -1.316620887682413432e+01 -4.500000000000000711e+01
4.734681007963141397e+00 -1.263585028740268967e+01 -4.500000000000000711e+01
5.603336717811203904e+00 -1.208316165261316222e+01 -4.500000000000001421e+01
6.286314083322531943e+00 -1.130847824103780042e+01 -4.500000000000000000e+01
6.875037846107390216e+00 -1.047685983083419714e+01 -4.500000000000000711e+01
7.246405640640199763e+00 -9.512210845947265625e+00 -4.499999999999999289e+01
