7.257464407245699078e+00 8.404507508815363792e+00 4.499999999999999289e+01
6.949788560082422073e+00 7.434732236252720838e+00 4.499999999999999289e+01
6.400326777797836542e+00 6.584944597576633640e+00 4.500000000000001421e+01
5.564747658454614943e+00 5.954505964290673248e+00 4.500000000000001421e+01
4.653124331918767176e+00 5.475263184657833015e+00 4.499999999999998579e+01
3.663749040841550730e+00 5.184374824124438952e+00 4.499999999999999289e+01
2.660562877429614836e+00 4.951681260336791013e+00 4.500000000000000000e+01
1.644350408034997102e+00 4.805088956904998376e+00 4.499999999999999289e+01
6.191317232151950511e-01 4.705828593737699350e+00 4.499999999999999289e+01
-4.112837444455786917e-01 4.719361830331088470e+00 4.500000000000000711e+01
-1.438233516711074023e+00 4.773865628878700917e+00 4.499999999999999289e+01
-2.459862711878022523e+00 4.907274634587182049e+00 4.500000000000000000e+01
-3.465334250744951383e+00 5.129260011869852143e+00 4.500000000000001421e+01
-4.451285550865218710e+00 5.424333511088598847e+00 4.500000000000000711e+01
-5.384384245803709668e+00 5.857847513056158917e+00 4.500000000000000711e+01
-6.210979380565770924e+00 6.471970942405818050e+00 4.500000000000001421e+01
-6.867891634233688869e+00 7.257305524761622273e+00 4.500000000000002132e+01
-7.262949653207694922e+00 8.207516511433581741e+00 4.499999999999999289e+01
-7.270466411542754415e+00 9.235573878418781746e+00 4.499999999999998579e+01
-6.967953607147037154e+00 1.021515043130105127e+01 4.499999999999998579e+01
-6.476769314358215013e+00 1.110397168826227698e+01 4.499999999999999289e+01
-5.794959301592580658e+00 1.188559773835633493e+01 4.500000000000000000e+01
-4.970478406003864258e+00 1.249017861669441132e+01 4.500000000000001421e+01
-4.098604802599431274e+00 1.304043494933217673e+01 4.499999999999998579e+01
-3.150294165884674147e+00 1.344082577720427452e+01 4.499999999999999289e+01
-2.155970475805181863e+00 1.369959281033956700e+01 4.500000000000001421e+01
-1.138165358653076442e+00 1.386814817088235330e+01 4.500000000000001421e+01
-1.122928661772307074e-01 1.390540815174633948e+01 4.500000000000000711e+01
9.161200655643099156e-01 1.388692398280288742e+01 4.499999999999999289e+01
1.936335016808198306e+00 1.373293503876972110e+01 4.500000000000000711e+01
2.931429251218782284e+00 1.347632187421559635e+01 4.499999999999999289e+01
3.894742328814404075e+00 1.311627884915207254e+01 4.500000000000000000e+01
4.775301493604372283e+00 1.258223283086454103e+01 4.499999999999998579e+01
5.637337379399529169e+00 1.202257665456117941e+01 4.499999999999999289e+01
6.304599559221736094e+00 1.123393573872969675e+01 4.499999999999999289e+01
6.856670018639714037e+00 1.038234720612349804e+01 4.499999999999997868e+01
7.272654167888564558e+00 9.442014727904153304e+00 4.500000000000000000e+01
7.257464407245700855e+00 8.404507508815363792e+00 4.500000000000000000e+01
