1.231925694050511844e+01 -9.512210845947269178e+00 -4.500000000000001421e+01
1.262262050749758657e+01 -8.541547710252029191e+00 -4.500000000000000000e+01
1.281946729470225677e+01 -7.542592437145734685e+00 -4.500000000000001421e+01
1.285966515098226104e+01 -6.523472223838263417e+00 -4.499999999999998579e+01
1.269603741854086643e+01 -5.521188728632175469e+00 -4.500000000000000711e+01
1.230581207647399467e+01 -4.597558604136839477e+00 -4.499999999999999289e+01
1.168397246404144596e+01 -3.807706938629065618e+00 -4.499999999999998579e+01
1.091283095408097736e+01 -3.164883844730929319e+00 -4.500000000000000711e+01
1.001258284201025184e+01 -2.711092709947453994e+00 -4.500000000000000000e+01
9.074612125650064698e+00 -2.338515777408936902e+00 -4.500000000000000000e+01
8.093887237925541100e+00 -2.069872709929259535e+00 -4.499999999999992895e+01
7.088104717790700171e+00 -1.900877046404985560e+00 -4.500000000000000711e+01
6.082248334170665238e+00 -1.744078230005628782e+00 -4.499999999999990052e+01
5.069847182550541120e+00 -1.651596650693613277e+00 -4.500000000000000711e+01
4.056960836611802179e+00 -1.561051807363281752e+00 -4.500000000000000711e+01
3.041507964928650498e+00 -1.496289493013428284e+00 -4.500000000000001421e+01
2.024583367561936686e+00 -1.465660737363607025e+00 -4.500000000000000711e+01
1.007575810382151049e+00 -1.436690501513807616e+00 -4.500000000000000000e+01
-9.905835286071112966e-03 -1.434346375514084393e+00 -4.500000000000001421e+01
-1.027296577131647570e+00 -1.437842646166839655e+00 -4.499999999999998579e+01
-2.044516615142160099e+00 -1.462382866616930954e+00 -4.499999999999998579e+01
-3.060517229728946464e+00 -1.510454757770390177e+00 -4.500000000000000000e+01
-4.076960130577269581e+00 -1.550135246747927242e+00 -4.499999999999998579e+01
-5.089654110327166414e+00 -1.652253658548308080e+00 -4.500000000000000711e+01
-6.101948313134550439e+00 -1.741569501261462927e+00 -4.500000000000000711e+01
-7.111483550840207002e+00 -1.869165535729179650e+00 -4.500000000000000000e+01
-8.115104904256410734e+00 -2.056142831084781353e+00 -4.499999999999999289e+01
-9.078140281276208867e+00 -2.370994324723122659e+00 -4.500000000000000711e+01
-1.004719058650168684e+01 -2.678592016169604406e+00 -4.500000000000002132e+01
-1.096434450908902392e+01 -3.118605809710400578e+00 -4.500000000000000711e+01
-1.174107756677631897e+01 -3.773631424635919718e+00 -4.500000000000000000e+01
-1.234265412018633157e+01 -4.581019264490879372e+00 -4.500000000000001421e+01
-1.272292245412574374e+01 -5.529002973681373057e+00 -4.500000000000000711e+01
-1.280008920984036358e+01 -6.530263895978098532e+00 -4.500000000000001421e+01
-1.278343448995914855e+01 -7.527113968367520336e+00 -4.500000000000000711e+01
-1.262823755932640069e+01 -8.525837406579922728e+00 -4.500000000000001421e+01
-1.233494980500561411e+01 -9.502020612603581995e+00 -4.500000000000000000e+01
-1.189639823622126080e+01 -1.041966827112524108e+01 -4.500000000000001421e+01
-1.139409010451759130e+01 -1.129861672242549275e+01 -4.500000000000004974e+01
-1.080831928780441054e+01 -1.213282080618408898e+01 -4.500000000000000711e+01
-1.012870935572558473e+01 -1.289061395640080576e+01 -4.500000000000000711e+01
-9.400154349428083478e+00 -1.359911087124091189e+01 -4.500000000000000711e+01
-8.605827380337730759e+00 -1.423572213803312358e+01 -4.500000000000000000e+01
-7.763644556411438913e+00 -1.480561006458537676e+01 -4.499999999999998579e+01
-6.873587236176737392e+00 -1.529856391943007665e+01 -4.499999999999999289e+01
-5.953163805182271950e+00 -1.573243432294874644e+01 -4.500000000000002842e+01
-5.002102672119701943e+00 -1.609098542145360256e+01 -4.499999999999999289e+01
-4.025851047879622335e+00 -1.637909820735298894e+01 -4.499999999999999289e+01
-3.031239351139821014e+00 -1.659398142833998335e+01 -4.499999999999997868e+01
-2.027884884593523562e+00 -1.675683849966175742e+01 -4.499999999999999289e+01
-1.015751077835775007e+00 -1.686891019192768937e+01 -4.499999999999997868e+01
1.782918018512283376e-03 -1.689237623454370407e+01 -4.500000000000000000e+01
1.017346921025545692e+00 -1.686285097796469046e+01 -4.500000000000001421e+01
2.032358121223194036e+00 -1.677894750756390607e+01 -4.500000000000000000e+01
3.032803403383820040e+00 -1.659966142429578184e+01 -4.500000000000000711e+01
4.030593480803948303e+00 -1.640290318039836137e+01 -4.499999999999997868e+01
5.002354072807836616e+00 -1.610109876353532599e+01 -4.499999999999995026e+01
5.960216152746875551e+00 -1.576085228218015466e+01 -4.499999999999998579e+01
6.880716016645843425e+00 -1.532770602265886950e+01 -4.500000000000000711e+01
7.773453115906399091e+00 -1.483836021534699867e+01 -4.500000000000000000e+01
8.612509636539066094e+00 -1.426358796492893788e+01 -4.500000000000000711e+01
9.411315691119710891e+00 -1.363104273608200323e+01 -4.500000000000001421e+01
1.013109747232443425e+01 -1.291358648546717447e+01 -4.500000000000000711e+01
1.080719109902093855e+01 -1.215229184469437484e+01 -4.499999999999999289e+01
1.138193147871743882e+01 -1.131479767704718853e+01 -4.499999999999996447e+01
1.180912861749892606e+01 -1.039009572903471579e+01 -4.499999999999997868e+01
1.231925694050511311e+01 -9.512210845947265625e+00 -4.500000000000000000e+01
