1.245283469626026829e+01 4.995391612282856997e+00 4.500000000000000000e+01
1.204109110595515375e+01 4.084216468207475081e+00 4.500000000000000000e+01
1.130360030551728556e+01 3.374255727499390289e+00 4.499999999999998579e+01
1.044664379881681171e+01 2.828684413779029239e+00 4.500000000000000000e+01
9.478207759974960567e+00 2.517361798810276330e+00 4.499999999999999289e+01
8.527218180738138642e+00 2.158379900661080875e+00 4.500000000000001421e+01
7.531354844126918024e+00 1.950289614604633792e+00 4.500000000000002132e+01
6.523361218530303596e+00 1.811084825108365992e+00 4.499999999999999289e+01
5.515428754188612004e+00 1.668426552775006400e+00 4.500000000000000000e+01
4.500990214593732830e+00 1.593215244955042076e+00 4.500000000000000711e+01
3.486108319742028616e+00 1.532505803475485484e+00 4.500000000000001421e+01
2.470438832331297352e+00 1.470557223908131483e+00 4.500000000000000000e+01
1.453196169185209996e+00 1.452784645471990821e+00 4.500000000000000711e+01
4.360684025882233805e-01 1.431751026282468198e+00 4.500000000000000711e+01
-5.814330881443757759e-01 1.434908273978589666e+00 4.499999999999999289e+01
-1.598744868070558711e+00 1.449814875581308060e+00 4.500000000000000711e+01
-2.615822997651362947e+00 1.479958145594462593e+00 4.500000000000000711e+01
-3.631280900474771922e+00 1.540723480889821140e+00 4.500000000000000000e+01
-4.646648284817334051e+00 1.598826669125235300e+00 4.500000000000000711e+01
-5.659301504423993379e+00 1.697682431606055253e+00 4.500000000000000000e+01
-6.665143072428254101e+00 1.851500788569820255e+00 4.500000000000051159e+01
-7.673157951545369393e+00 2.002481373280723176e+00 4.500000000000025580e+01
-8.656261860101814420e+00 2.246414977318320627e+00 4.499999999999999289e+01
-9.636194300338912555e+00 2.508719318372677698e+00 4.500000000000000711e+01
-1.056685215592407623e+01 2.914539397787750730e+00 4.499999999999999289e+01
-1.141278789534764826e+01 3.479607277917835528e+00 4.500000000000000711e+01
-1.211104260295919666e+01 4.214852798361834907e+00 4.499999999999999289e+01
-1.259876888056156830e+01 5.106765829529311240e+00 4.500000000000000711e+01
-1.282440143526405940e+01 6.100847715754214029e+00 4.500000000000000711e+01
-1.284457598953820856e+01 7.118020859550807877e+00 4.499999999999998579e+01
-1.272143025683438999e+01 8.126519679784289352e+00 4.500000000000000000e+01
-1.245995045664124667e+01 9.110155408351847228e+00 4.499999999999999289e+01
-1.207413771803762970e+01 1.004935400295157244e+01 4.500000000000002132e+01
-1.161211390636849039e+01 1.095528436039139031e+01 4.500000000000002132e+01
-1.105938099979086786e+01 1.181046662085188714e+01 4.500000000000001421e+01
-1.041990184710571299e+01 1.259912401015534833e+01 4.499999999999998579e+01
-9.724411814195677906e+00 1.334267633679763065e+01 4.499999999999999289e+01
-8.952575129935837595e+00 1.400545217454446600e+01 4.499999999999999289e+01
-8.132324458206499074e+00 1.460872408814100787e+01 4.499999999999998579e+01
-7.259143557517991674e+00 1.513142414399573532e+01 4.499999999999998579e+01
-6.348176087535208900e+00 1.558446245598358715e+01 4.500000000000002842e+01
-5.411845766057417961e+00 1.598180337006671614e+01 4.499999999999998579e+01
-4.438990608767030999e+00 1.628340893159583658e+01 4.500000000000000711e+01
-3.452610025204618349e+00 1.652396003406630598e+01 4.499999999999999289e+01
-2.453355094691241245e+00 1.671940253638700113e+01 4.500000000000000711e+01
-1.442314841567841510e+00 1.682532614982874719e+01 4.500000000000001421e+01
-4.280441480695367784e-01 1.689956478582823252e+01 4.500000000000000000e+01
5.904134610478033451e-01 1.688136147815878729e+01 4.500000000000000711e+01
1.603933190025364830e+00 1.680504327362751837e+01 4.500000000000000000e+01
2.613586315377661506e+00 1.667942607218189721e+01 4.499999999999998579e+01
3.611293043683649895e+00 1.647589102244965886e+01 4.499999999999999289e+01
4.593778181299098762e+00 1.621321290639468060e+01 4.499999999999999289e+01
5.562280483091537775e+00 1.590196009954403422e+01 4.500000000000000000e+01
6.489770439795480073e+00 1.548375113128229863e+01 4.499999999999999289e+01
7.394439043401376921e+00 1.501874167784960967e+01 4.499999999999998579e+01
8.261102146344768471e+00 1.448620563060414668e+01 4.499999999999999289e+01
9.067708641361621247e+00 1.386665762113949363e+01 4.500000000000001421e+01
9.835521576412606493e+00 1.320000158342393526e+01 4.500000000000000711e+01
1.052205171477861967e+01 1.244936175357744546e+01 4.500000000000000711e+01
1.113808563155865095e+01 1.164334894600144565e+01 4.500000000000002132e+01
1.171882494674884434e+01 1.080665317622560906e+01 4.499999999999995737e+01
1.213588865772014103e+01 9.878782426441443221e+00 4.500000000000000000e+01
1.247452226606278458e+01 8.927794681108917274e+00 4.500000000000000000e+01
1.273146068810639875e+01 7.954031868178091713e+00 4.500000000000001421e+01
1.288318813004704033e+01 6.949209720123845635e+00 4.500000000000000711e+01
1.278702941767811474e+01 5.936600307887225370e+00 4.500000000000000000e+01
1.245283469626027184e+01 4.995391612282857885e+00 4.500000000000000000e+01
