-3.592228535513545040e+01 2.549209841533784271e+01 -4.500000000000000000e+01
-3.586777482911873705e+01 2.448561634549387378e+01 -4.500000000000000000e+01
-3.579366341078946334e+01 2.348045472628280805e+01 -4.500000000000000000e+01
-3.570661708992696504e+01 2.247644974757079339e+01 -4.500000000000000000e+01
-3.560540982855252423e+01 2.147378761114071821e+01 -4.500000000000004263e+01
-3.548480700404945765e+01 2.047319320916722774e+01 -4.499999999999996447e+01
-3.533629516146618954e+01 1.947620702952799476e+01 -4.500000000000000000e+01
-3.515638124043012169e+01 1.848434107854438935e+01 -4.499999999999999289e+01
-3.495275764848298650e+01 1.749706948765859948e+01 -4.500000000000000711e+01
-3.471020845785884745e+01 1.651884396482157769e+01 -4.500000000000000000e+01
-3.442245284585048637e+01 1.555333785468291552e+01 -4.499999999999999289e+01
-3.408545337253087126e+01 1.460435333892475995e+01 -4.500000000000000000e+01
-3.371302444192070169e+01 1.366885408590716544e+01 -4.499999999999999289e+01
-3.325109034411645581e+01 1.277286206913530542e+01 -4.499999999999998579e+01
-3.270108766984659354e+01 1.193009856195163643e+01 -4.499999999999999289e+01
-3.208844731161177322e+01 1.113196165090883127e+01 -4.499999999999998579e+01
-3.134741153261214208e+01 1.045014420926422716e+01 -4.500000000000000711e+01
-3.053855977406425026e+01 9.851516377317924622e+00 -4.500000000000000000e+01
-2.962351443264985207e+01 9.430622013403668902e+00 -4.499999999999998579e+01
-2.867449404959360493e+01 9.103747581385349008e+00 -4.500000000000002132e+01
-2.767678052146158052e+01 8.943367457110477758e+00 -4.500000000000000711e+01
-2.667219950265181438e+01 8.956138842609691508e+00 -4.500000000000000000e+01
-2.567042235846955123e+01 9.046114002689570555e+00 -4.500000000000000000e+01
-2.470164750167695189e+01 9.329554982501981897e+00 -4.499999999999998579e+01
-2.376612996213616213e+01 9.701390029934639614e+00 -4.499999999999997158e+01
-2.285406134617440799e+01 1.012854723784455224e+01 -4.500000000000001421e+01
-2.202526110799912828e+01 1.069916405214766186e+01 -4.500000000000000000e+01
-2.119199967572275511e+01 1.126719623948944360e+01 -4.500000000000000711e+01
-2.043323983386737908e+01 1.193009313776842184e+01 -4.500000000000000711e+01
-1.965456449111917792e+01 1.257060468354583804e+01 -4.499999999999999289e+01
-1.892729011789533544e+01 1.326821983983677988e+01 -4.500000000000000711e+01
-1.816781393657640464e+01 1.393094818821253433e+01 -4.500000000000000000e+01
-1.743587940126400326e+01 1.462369616393571725e+01 -4.500000000000000000e+01
-1.666752697383834914e+01 1.527602316137998706e+01 -4.499999999999999289e+01
-1.590619412652714715e+01 1.593654689449930117e+01 -4.499999999999999289e+01
-1.510953141354958440e+01 1.655408799181634905e+01 -4.500000000000002132e+01
-1.430441293919093759e+01 1.716071806022084090e+01 -4.500000000000002132e+01
-1.346847722328484842e+01 1.772397321710706208e+01 -4.500000000000000711e+01
-1.261317564655859513e+01 1.825736787752934021e+01 -4.499999999999999289e+01
-1.173551500946527959e+01 1.875281357229806645e+01 -4.499999999999999289e+01
-1.082480667398073138e+01 1.918470451398796683e+01 -4.500000000000000711e+01
-9.914319603126834579e+00 1.961588737368082747e+01 -4.499999999999999289e+01
-8.976632783858281783e+00 1.998762758468109979e+01 -4.499999999999999289e+01
-8.014904474405390999e+00 2.028642869840620477e+01 -4.499999999999999289e+01
-7.052604065995634386e+00 2.058657809329131894e+01 -4.500000000000000000e+01
-6.071054250729135404e+00 2.081284852937608321e+01 -4.499999999999998579e+01
-5.081545720182543135e+00 2.100630449790241983e+01 -4.500000000000008527e+01
-4.088319943879323404e+00 2.117916621215456985e+01 -4.500000000000000711e+01
-3.085924356467497187e+00 2.128477951048671102e+01 -4.499999999999997868e+01
-2.082635612558374927e+00 2.137453509162462595e+01 -4.500000000000000711e+01
-1.075778622818647889e+00 2.142680930207884060e+01 -4.500000000000001421e+01
-6.816704287949794383e-02 2.143534746705031324e+01 -4.499999999999997868e+01
9.395899403964466101e-01 2.142674076411814710e+01 -4.500000000000000000e+01
1.946264973478417426e+00 2.137337489496191623e+01 -4.500000000000000711e+01
2.950512212150388169e+00 2.128893839829741452e+01 -4.500000000000001421e+01
3.951545008769082656e+00 2.117111257030145310e+01 -4.500000000000000711e+01
4.945611204123323112e+00 2.100548779058968663e+01 -4.500000000000014211e+01
5.936595279442058448e+00 2.082097194984073241e+01 -4.500000000000027711e+01
6.917229182730880943e+00 2.058873930989212298e+01 -4.499999999999999289e+01
7.889543375715617479e+00 2.032305716358317937e+01 -4.499999999999999289e+01
8.846091112263785305e+00 2.000505499860880221e+01 -4.500000000000000000e+01
9.784294138020129594e+00 1.963738754387690832e+01 -4.500000000000000000e+01
1.071294688966962028e+01 1.924536670196087229e+01 -4.500000000000001421e+01
1.161266256669878416e+01 1.879291953093398249e+01 -4.500000000000000000e+01
1.249726496467159542e+01 1.831068091974936252e+01 -4.500000000000000000e+01
1.335572125191501236e+01 1.778394604892976361e+01 -4.499999999999999289e+01
1.419841210686179167e+01 1.723253881647466557e+01 -4.500000000000000711e+01
1.500714721620041558e+01 1.663135848430025376e+01 -4.500000000000000000e+01
1.581095446230184720e+01 1.602428499429781183e+01 -4.500000000000000000e+01
1.657426755652056727e+01 1.536621087189568335e+01 -4.500000000000001421e+01
1.734793300052053056e+01 1.472056964253253852e+01 -4.500000000000000000e+01
1.807994719267724193e+01 1.402781647914543939e+01 -4.499999999999997868e+01
1.884151308521554569e+01 1.336762806346271582e+01 -4.499999999999998579e+01
1.956641827174481207e+01 1.266717716441244690e+01 -4.500000000000001421e+01
2.034312257423566805e+01 1.202504245495318180e+01 -4.500000000000002132e+01
2.109590849704735049e+01 1.135427031073237281e+01 -4.500000000000000711e+01
2.192268516489817642e+01 1.077834834035174971e+01 -4.499999999999999289e+01
2.274320054425988857e+01 1.019305321367330919e+01 -4.500000000000002842e+01
2.364965630782469574e+01 9.751646325888691180e+00 -4.500000000000000711e+01
2.456041875045447398e+01 9.325822891832025618e+00 -4.500000000000004263e+01
2.553947905778780125e+01 9.072685476746833899e+00 -4.499999999999999289e+01
2.653176406114569019e+01 8.941142096331034850e+00 -4.499999999999999289e+01
2.753792547619969255e+01 8.883831151564223205e+00 -4.500000000000000000e+01
2.853245561549417886e+01 9.060944274930299969e+00 -4.500000000000000000e+01
2.950268299056494570e+01 9.297828777929613153e+00 -4.500000000000000000e+01
3.042442409734562503e+01 9.720728440488187516e+00 -4.500000000000001421e+01
3.125691695273283699e+01 1.027722588124797376e+01 -4.500000000000002842e+01
3.200810771925301168e+01 1.095964324077995933e+01 -4.499999999999999289e+01
3.265393847027968377e+01 1.173075593320998067e+01 -4.500000000000000000e+01
3.316813744871571856e+01 1.260054578697770644e+01 -4.499999999999998579e+01
3.368510940581307267e+01 1.346440181279589865e+01 -4.500000000000000000e+01
3.407581470928416678e+01 1.439436463476802430e+01 -4.499999999999998579e+01
3.437898955505981746e+01 1.535529607660920171e+01 -4.500000000000000711e+01
3.466951000893691770e+01 1.631898047356171233e+01 -4.500000000000002842e+01
3.493771234302454332e+01 1.729018920238572576e+01 -4.499999999999999289e+01
3.514412786355478602e+01 1.827715718193804051e+01 -4.499999999999999289e+01
3.533543637453757924e+01 1.926670800783660198e+01 -4.500000000000000000e+01
3.547395733361528158e+01 2.026482542222828087e+01 -4.499999999999998579e+01
3.559450910416079950e+01 2.126512973706889653e+01 -4.500000000000001421e+01
3.570969899212451537e+01 2.226640722683474394e+01 -4.499999999999998579e+01
3.579858106588022082e+01 2.327041143395414835e+01 -4.500000000000000711e+01
3.586385014122564741e+01 2.427612831256530157e+01 -4.500000000000001421e+01
3.591751125340629613e+01 2.528243545724470565e+01 -4.500000000000000000e+01
3.596415414569369062e+01 2.628918077246217422e+01 -4.500000000000000000e+01
3.599135750844379800e+01 2.729681095867300655e+01 -4.500000000000000000e+01
3.600377414133564713e+01 2.830457990583145289e+01 -4.500000000000001421e+01
3.601065808704095161e+01 2.931249655033533230e+01 -4.500000000000000000e+01
3.599834322847988943e+01 3.032037771262693227e+01 -4.499999999999999289e+01
3.597964482228973537e+01 3.132814080922505795e+01 -4.500000000000000000e+01
3.594531355159943331e+01 3.233549115302332666e+01 -4.500000000000000000e+01
3.590553774736167014e+01 3.334262478596828316e+01 -4.500000000000000711e+01
3.585195490715304345e+01 3.434916278655195043e+01 -4.500000000000000711e+01
3.578629878317312318e+01 3.535488455043396527e+01 -4.500000000000000000e+01
3.572057869743721170e+01 3.636064293419546090e+01 -4.500000000000000000e+01
3.563188846684376188e+01 3.736471654357638528e+01 -4.500000000000000000e+01
3.554053468296114460e+01 3.836835647567962582e+01 -4.499999999999997868e+01
3.544466925643548194e+01 3.937166382436268464e+01 -4.499999999999993605e+01
3.532014904156305590e+01 4.037207078858837406e+01 -4.499999999999975842e+01
3.519655603482836170e+01 4.137260222808961174e+01 -4.499999999999983658e+01
3.504013616817751853e+01 4.236798813540894315e+01 -4.500000000000000000e+01
3.488489109781662023e+01 4.336391777303235529e+01 -4.500000000000000000e+01
3.469276007676796780e+01 4.435347514718966266e+01 -4.500000000000000000e+01
3.446566255293102188e+01 4.533487875965967362e+01 -4.499999999999999289e+01
3.422752060645022709e+01 4.631360987237094662e+01 -4.499999999999999289e+01
3.393380093869461689e+01 4.727806335420232386e+01 -4.499999999999999289e+01
3.357867365980183649e+01 4.822197485016202734e+01 -4.500000000000000711e+01
3.315701857342252623e+01 4.913773708681073771e+01 -4.499999999999999289e+01
3.265367968833113110e+01 5.000767483074920250e+01 -4.499999999999999289e+01
3.207328088731874516e+01 5.083003384766236366e+01 -4.500000000000001421e+01
3.141698329508649223e+01 5.159100205874914025e+01 -4.499999999999998579e+01
3.066624057458364305e+01 5.226258339969519540e+01 -4.500000000000000000e+01
2.985332421563047234e+01 5.285814489901012081e+01 -4.499999999999998579e+01
2.897201036586784539e+01 5.334818419820668822e+01 -4.499999999999998579e+01
2.805922982589001435e+01 5.377686037879411884e+01 -4.500000000000000000e+01
2.710996349553294493e+01 5.411322313557469954e+01 -4.499999999999998579e+01
2.614805587269077591e+01 5.440964062820849279e+01 -4.499999999999997868e+01
2.517447080234681067e+01 5.467009634084160297e+01 -4.499999999999998579e+01
2.418752865734526480e+01 5.487617340900815321e+01 -4.500000000000000000e+01
2.319636114439056485e+01 5.505777414534263414e+01 -4.499999999999957367e+01
2.220073651581212815e+01 5.521660397235552153e+01 -4.499999999999996447e+01
2.120162438134185123e+01 5.534703071391822249e+01 -4.499999999999999289e+01
2.020120125007472112e+01 5.547069948308130449e+01 -4.499999999999998579e+01
1.919800166433102717e+01 5.556726964867277729e+01 -4.500000000000000711e+01
1.819477126280854051e+01 5.566294356488509720e+01 -4.499999999999999289e+01
1.719122223636249913e+01 5.575691011788698859e+01 -4.499999999999998579e+01
1.618601855648015331e+01 5.583027437196324172e+01 -4.500000000000000000e+01
1.518116690266119662e+01 5.590765175847529633e+01 -4.500000000000000711e+01
1.417631025443046511e+01 5.598591289882924826e+01 -4.500000000000000000e+01
1.317022256536864333e+01 5.604653531046121628e+01 -4.500000000000000711e+01
1.216462655897468892e+01 5.611387493257461045e+01 -4.499999999999997868e+01
1.115894035016467534e+01 5.618057742573639501e+01 -4.500000000000000711e+01
1.015228477521789330e+01 5.623158359533617556e+01 -4.500000000000000000e+01
9.146081933940497066e+00 5.628947627901499828e+01 -4.499999999999999289e+01
8.139578731421192259e+00 5.634299437307952019e+01 -4.500000000000000000e+01
7.132444728243048537e+00 5.638374137509288175e+01 -4.500000000000000000e+01
6.125533670614809800e+00 5.642837830318112680e+01 -4.500000000000000711e+01
5.118246048374841983e+00 5.646512024450217382e+01 -4.500000000000000000e+01
4.110693172342307022e+00 5.649331345412849714e+01 -4.500000000000000711e+01
3.103098116649207316e+00 5.651969905870470257e+01 -4.500000000000000711e+01
2.095289502889807309e+00 5.653688820522327063e+01 -4.499999999999999289e+01
1.087417039621676240e+00 5.654959942069189083e+01 -4.499999999999998579e+01
7.946794120985659071e-02 5.655375864731333024e+01 -4.500000000000001421e+01
-9.284513873605549916e-01 5.655120096029273924e+01 -4.500000000000000000e+01
-1.936413832050517092e+00 5.654500649602265838e+01 -4.500000000000002132e+01
-2.944150275482412482e+00 5.652540762018963250e+01 -4.500000000000000000e+01
-3.951882048578972739e+00 5.650583181553991352e+01 -4.499999999999999289e+01
-4.959447185210311027e+00 5.647713643123868366e+01 -4.500000000000000000e+01
-5.966481674870507845e+00 5.643619953000985134e+01 -4.500000000000000000e+01
-6.973871852947023164e+00 5.640196796869764739e+01 -4.500000000000000000e+01
-7.980464997531952598e+00 5.635033437416798563e+01 -4.499999999999998579e+01
-8.986819874679737197e+00 5.629573529542067689e+01 -4.499999999999999289e+01
-9.993541626362693719e+00 5.624574458258213383e+01 -4.500000000000001421e+01
-1.099899151753579574e+01 5.617582425668629043e+01 -4.499999999999999289e+01
-1.200508545797647564e+01 5.611595523560687582e+01 -4.500000000000000711e+01
-1.301066913265887948e+01 5.604780396767866080e+01 -4.500000000000000000e+01
-1.401539027355924105e+01 5.596832883596425745e+01 -4.499999999999999289e+01
-1.502115022600902883e+01 5.590270629874593311e+01 -4.500000000000000711e+01
-1.602533871752579131e+01 5.581616771558170598e+01 -4.500000000000000711e+01
-1.702979813793794506e+01 5.573411882025822450e+01 -4.500000000000000000e+01
-1.803437749333456708e+01 5.565276685496289133e+01 -4.499999999999999289e+01
-1.903678195750422120e+01 5.554699484185882596e+01 -4.499999999999999289e+01
-2.004036759444751326e+01 5.545553508653480179e+01 -4.500000000000001421e+01
-2.104160439073956113e+01 5.533873341540521551e+01 -4.500000000000000000e+01
-2.204183185641265652e+01 5.521822268883386897e+01 -4.499999999999995737e+01
-2.303739779757732009e+01 5.505999157603932304e+01 -4.499999999999995026e+01
-2.403287970308242194e+01 5.489803466422239353e+01 -4.499999999999998579e+01
-2.501369758395967580e+01 5.466720711103484120e+01 -4.500000000000000000e+01
-2.599698855282082022e+01 5.444845748555628973e+01 -4.500000000000000711e+01
-2.695837041176906723e+01 5.414494501946776239e+01 -4.500000000000001421e+01
-2.792132563474698159e+01 5.385256217098801557e+01 -4.500000000000000711e+01
-2.884933082684889882e+01 5.345410647809143967e+01 -4.500000000000000000e+01
-2.970739300194823684e+01 5.292648903137947514e+01 -4.499999999999998579e+01
-3.057017337011115998e+01 5.240610158127896057e+01 -4.499999999999999289e+01
-3.133893837616487588e+01 5.175465741941548714e+01 -4.500000000000000711e+01
-3.202612919472422703e+01 5.101718502506716391e+01 -4.500000000000000711e+01
-3.262513233596458662e+01 5.020727744146250870e+01 -4.499999999999998579e+01
-3.309539849945808498e+01 4.931535102340648535e+01 -4.499999999999999289e+01
-3.357685613452855478e+01 4.843143748362251699e+01 -4.500000000000000711e+01
-3.393922905479906404e+01 4.748880116055939737e+01 -4.500000000000000711e+01
-3.420346137567482714e+01 4.651751874065780612e+01 -4.500000000000000000e+01
-3.448397524171257800e+01 4.554912164692665755e+01 -4.500000000000000000e+01
-3.467932756335100919e+01 4.456070030633470935e+01 -4.499999999999997868e+01
-3.489568233405918107e+01 4.357658253050183816e+01 -4.500000000000000711e+01
-3.504570085148807834e+01 4.257946239690931378e+01 -4.500000000000000711e+01
-3.521136840285295477e+01 4.158571679525608289e+01 -4.499999999999995737e+01
-3.533524147420362738e+01 4.058494636277275447e+01 -4.500000000000002132e+01
-3.544303559286558425e+01 3.958270673334499179e+01 -4.499999999999991473e+01
-3.553264964974874118e+01 3.857898120014028365e+01 -4.500000000000000000e+01
-3.563165837630476318e+01 3.757578358129238438e+01 -4.500000000000000000e+01
-3.570001242231700900e+01 3.657025416207136459e+01 -4.499999999999998579e+01
-3.577699267844936060e+01 3.556533987914828288e+01 -4.499999999999999289e+01
-3.583640638491757358e+01 3.455914564497413011e+01 -4.500000000000000000e+01
-3.588410543814322295e+01 3.355248127621604226e+01 -4.499999999999998579e+01
-3.593454839777048448e+01 3.254578541101446376e+01 -4.499999999999997868e+01
-3.596045527595618552e+01 3.153818233709535335e+01 -4.500000000000000711e+01
-3.598684283986071364e+01 3.053066765980668862e+01 -4.500000000000000000e+01
-3.599785944555645756e+01 2.952274929300920192e+01 -4.500000000000000711e+01
-3.599610317716373231e+01 2.851484650307987678e+01 -4.500000000000000000e+01
-3.598572440291147956e+01 2.750695914529485719e+01 -4.500000000000000000e+01
-3.595910048409491111e+01 2.649937071314930392e+01 -4.499999999999999289e+01
-3.592228535513544330e+01 2.549209841533784271e+01 -4.500000000000000000e+01
