-3.600035195717070735e+01 -2.761904907226563211e+01 4.499999999999999289e+01
-3.597019032581948039e+01 -2.661155360193863473e+01 4.500000000000000000e+01
-3.593489481726292212e+01 -2.560439051023440271e+01 4.500000000000000711e+01
-3.588911948856542011e+01 -2.459755141283114810e+01 4.499999999999998579e+01
-3.582128963195650329e+01 -2.359190332471862561e+01 4.500000000000000711e+01
-3.573038907187616076e+01 -2.258817713976369390e+01 4.499999999999998579e+01
-3.563311346726531070e+01 -2.158530027336270862e+01 4.500000000000002842e+01
-3.552379527519552482e+01 -2.058355137492587872e+01 4.499999999999997868e+01
-3.538601020157381782e+01 -1.958501169280068055e+01 4.500000000000000000e+01
-3.521903088656510761e+01 -1.859045113214104461e+01 4.500000000000001421e+01
-3.500337124501412234e+01 -1.760583406373075377e+01 4.499999999999998579e+01
-3.474567945037458827e+01 -1.663248983660419711e+01 4.499999999999999289e+01
-3.448988134266488714e+01 -1.565824191263831011e+01 4.500000000000000711e+01
-3.417095990500583724e+01 -1.470220971973484048e+01 4.500000000000000000e+01
-3.382032801439022762e+01 -1.375783473845929805e+01 4.500000000000001421e+01
-3.332960400561665182e+01 -1.287913842099590411e+01 4.500000000000000000e+01
-3.282713896634719930e+01 -1.200466308575386520e+01 4.499999999999998579e+01
-3.223468461315716382e+01 -1.118779947694887866e+01 4.499999999999999289e+01
-3.150027584444732653e+01 -1.049289194866281782e+01 4.499999999999998579e+01
-3.070670200709819397e+01 -9.871165849028290751e+00 4.499999999999998579e+01
-2.979660910603477220e+01 -9.437371365319069838e+00 4.499999999999999289e+01
-2.885339452477693811e+01 -9.098806727199360012e+00 4.499999999999998579e+01
-2.785477781209387160e+01 -8.929898862354896494e+00 4.500000000000000000e+01
-2.685605482712188419e+01 -8.923676444144900799e+00 4.500000000000001421e+01
-2.584981970856014044e+01 -8.987690049303107998e+00 4.500000000000000000e+01
-2.487133919078488731e+01 -9.242361800446159847e+00 4.500000000000001421e+01
-2.393830538627647897e+01 -9.608752717019029888e+00 4.499999999999997158e+01
-2.302793756335298525e+01 -1.004299163945628059e+01 4.500000000000000000e+01
-2.218339642527380207e+01 -1.058923794651331995e+01 4.499999999999998579e+01
-2.135566389274512034e+01 -1.116425610696126824e+01 4.499999999999998579e+01
-2.058479067288885389e+01 -1.181204539113277541e+01 4.500000000000000000e+01
-1.981354406935442114e+01 -1.246075693132071471e+01 4.500000000000000000e+01
-1.907637592000588000e+01 -1.314703037744944858e+01 4.500000000000000000e+01
-1.832610169548636136e+01 -1.381991448271729439e+01 4.500000000000000711e+01
-1.758564582746365801e+01 -1.450284741173362768e+01 4.500000000000000000e+01
-1.682689317878021740e+01 -1.516601042057310167e+01 4.500000000000000000e+01
-1.605833966277636549e+01 -1.581746213890909658e+01 4.500000000000000711e+01
-1.527085069553938368e+01 -1.644591565975177261e+01 4.500000000000000711e+01
-1.446162662285652445e+01 -1.704623329200737558e+01 4.500000000000000000e+01
-1.363243243051303466e+01 -1.761851457144070210e+01 4.500000000000000711e+01
-1.277968098170601507e+01 -1.815523217274132151e+01 4.500000000000000711e+01
-1.190158683913397120e+01 -1.864989926758722660e+01 4.499999999999999289e+01
-1.100702765299434027e+01 -1.911409258847471904e+01 4.500000000000000000e+01
-1.008413918799925746e+01 -1.951961665851507988e+01 4.499999999999998579e+01
-9.149152870266503257e+00 -1.989635583335399716e+01 4.499999999999999289e+01
-8.195332922217408722e+00 -2.022177075856300021e+01 4.500000000000000000e+01
-7.228697943345130383e+00 -2.050569781225509303e+01 4.499999999999997158e+01
-6.251759962465014198e+00 -2.075337814564355199e+01 4.499999999999995026e+01
-5.262993927450559717e+00 -2.094940207828684464e+01 4.499999999999997158e+01
-4.270504279994272068e+00 -2.112533058044571987e+01 4.500000000000000000e+01
-3.270875242715864495e+00 -2.125398635824327442e+01 4.500000000000000000e+01
-2.267797648591670434e+00 -2.135249955157665269e+01 4.499999999999998579e+01
-1.261440789305611432e+00 -2.141004271829657668e+01 4.500000000000000711e+01
-2.541821484144041743e-01 -2.143643892571592247e+01 4.499999999999999289e+01
7.539050604130238531e-01 -2.143818037133820553e+01 4.500000000000000711e+01
1.760486623255000271e+00 -2.138675016742734414e+01 4.500000000000001421e+01
2.765850751744478142e+00 -2.132318516517151252e+01 4.500000000000000000e+01
3.768193819295831748e+00 -2.121388164080065408e+01 4.500000000000000000e+01
4.764258985472494601e+00 -2.106440469222088296e+01 4.500000000000008527e+01
5.755647286338292368e+00 -2.088096914118333558e+01 4.500000000000000000e+01
6.741353623347098534e+00 -2.066805162006354379e+01 4.500000000000001421e+01
7.705725866468982055e+00 -2.037792810382383379e+01 4.499999999999998579e+01
8.672863578711341503e+00 -2.009423231125661857e+01 4.500000000000000000e+01
9.614721378742711266e+00 -1.973554394405907075e+01 4.500000000000002132e+01
1.053702237792278495e+01 -1.933013036958472597e+01 4.499999999999997868e+01
1.144572218615280157e+01 -1.889349659911817625e+01 4.499999999999999289e+01
1.233609771826294299e+01 -1.842204848068252687e+01 4.500000000000000000e+01
1.319637748495340723e+01 -1.789683306395945550e+01 4.499999999999998579e+01
1.404086249381509433e+01 -1.734606858141811259e+01 4.500000000000000000e+01
1.485221990250131796e+01 -1.674842962442254901e+01 4.500000000000000711e+01
1.565533280671146343e+01 -1.613860950348742662e+01 4.500000000000000711e+01
1.642251696209667600e+01 -1.548555246988674305e+01 4.499999999999999289e+01
1.719415491865484924e+01 -1.483657758130027204e+01 4.499999999999998579e+01
1.793032086286813254e+01 -1.414866247089832108e+01 4.500000000000000711e+01
1.868853525103421021e+01 -1.348467168179844222e+01 4.500000000000000711e+01
1.941681895381123013e+01 -1.278757834099132751e+01 4.500000000000000000e+01
2.018779844679115953e+01 -1.213960278254381997e+01 4.499999999999999289e+01
2.094246659946803035e+01 -1.146972156087081629e+01 4.500000000000000000e+01
2.175938276163703833e+01 -1.088291567068869803e+01 4.500000000000000000e+01
2.258118213872216984e+01 -1.029644940988417900e+01 4.500000000000001421e+01
2.347056372766922294e+01 -9.832649321478061921e+00 4.500000000000000000e+01
2.438796694786577746e+01 -9.410412105252436987e+00 4.499999999999999289e+01
2.535962388370904463e+01 -9.126023874043191597e+00 4.499999999999998579e+01
2.634879826409275339e+01 -8.974238157113736847e+00 4.500000000000000711e+01
2.735710914793275350e+01 -8.917842945084654360e+00 4.499999999999999289e+01
2.835634676819177358e+01 -9.050541487117632400e+00 4.499999999999998579e+01
2.933047351481397769e+01 -9.296656309874169466e+00 4.500000000000000711e+01
3.025319656920446931e+01 -9.702331569128109123e+00 4.500000000000000000e+01
3.110636089620144773e+01 -1.023671440899700258e+01 4.500000000000000711e+01
3.186001864894057434e+01 -1.090569056755844457e+01 4.500000000000000000e+01
3.253036952912310653e+01 -1.165734196657587241e+01 4.500000000000000000e+01
3.309099701771915392e+01 -1.249428994963433759e+01 4.499999999999998579e+01
3.357207182829700542e+01 -1.337951606832926998e+01 4.500000000000000711e+01
3.398871697931153335e+01 -1.429721083453856068e+01 4.499999999999999289e+01
3.433154684064388107e+01 -1.524472762200050724e+01 4.499999999999999289e+01
3.462018392762477248e+01 -1.620995757436709894e+01 4.499999999999999289e+01
3.486585854423157116e+01 -1.718695186589316393e+01 4.499999999999999289e+01
3.508500514061491060e+01 -1.817013116099788306e+01 4.500000000000002132e+01
3.527842764468013570e+01 -1.915901949291782103e+01 4.499999999999998579e+01
3.543348885086716393e+01 -2.015498620847255040e+01 4.500000000000005684e+01
3.556260040788967558e+01 -2.115434838128722106e+01 4.499999999999998579e+01
3.567616777520458982e+01 -2.215567350632858634e+01 4.500000000000000000e+01
3.577324353354998721e+01 -2.315888699472474599e+01 4.500000000000001421e+01
3.584817231666860948e+01 -2.416404949751127873e+01 4.499999999999999289e+01
3.590452280692529996e+01 -2.517039989467176042e+01 4.500000000000000000e+01
3.594732305157128849e+01 -2.617738380306056101e+01 4.499999999999998579e+01
3.597914450023627353e+01 -2.718481271295017621e+01 4.500000000000000711e+01
3.599337535989766934e+01 -2.819263913110383157e+01 4.499999999999999289e+01
3.600053789579599339e+01 -2.920056521501847158e+01 4.500000000000000711e+01
3.598857048189106678e+01 -3.020843499499683205e+01 4.500000000000000000e+01
3.597222966532424948e+01 -3.121616186772702051e+01 4.500000000000001421e+01
3.594378482103942218e+01 -3.222373371497791794e+01 4.499999999999998579e+01
3.589855340085784263e+01 -3.323056552217175152e+01 4.499999999999999289e+01
3.585790326295738595e+01 -3.423764733120401615e+01 4.500000000000002842e+01
3.579080691705820527e+01 -3.524338666911382489e+01 4.500000000000001421e+01
3.572850140720913714e+01 -3.624922090213080139e+01 4.500000000000003553e+01
3.565493615237765823e+01 -3.725446344350603312e+01 4.500000000000000000e+01
3.556257136010958675e+01 -3.825811023839502667e+01 4.499999999999999289e+01
3.547934176428638864e+01 -3.926248454609315530e+01 4.499999999999999289e+01
3.536291653479396047e+01 -4.026391473906002005e+01 4.499999999999994316e+01
3.525007156528565133e+01 -4.126562270875869132e+01 4.499999999999996447e+01
3.510526551841881826e+01 -4.226275232473791732e+01 4.499999999999997868e+01
3.494577242739527634e+01 -4.325830128103201844e+01 4.500000000000000000e+01
3.474788015467031244e+01 -4.424573309658015319e+01 4.500000000000000711e+01
3.455588826635442246e+01 -4.523548692613255184e+01 4.500000000000001421e+01
3.429060393879255741e+01 -4.620708117127213654e+01 4.500000000000000000e+01
3.403956866138214821e+01 -4.718299491795654177e+01 4.500000000000001421e+01
3.369546421619090637e+01 -4.813126798720521293e+01 4.500000000000001421e+01
3.325977758321019451e+01 -4.903756762532582769e+01 4.499999999999999289e+01
3.277940253792581871e+01 -4.992488699448806955e+01 4.500000000000000711e+01
3.223139088098776739e+01 -5.076792953871109404e+01 4.499999999999999289e+01
3.156635465762789394e+01 -5.152619991951051048e+01 4.500000000000000711e+01
3.082750334042198048e+01 -5.221271908628815339e+01 4.500000000000000711e+01
2.998647770850899619e+01 -5.276446515511128865e+01 4.500000000000000711e+01
2.913190114259450070e+01 -5.330086235711544163e+01 4.499999999999999289e+01
2.822001089123047279e+01 -5.373095042670939847e+01 4.500000000000000000e+01
2.727046684748536620e+01 -5.406423189758424286e+01 4.500000000000000000e+01
2.630364629220165895e+01 -5.434983407997420812e+01 4.500000000000000000e+01
2.533026049728531248e+01 -5.460498666128579259e+01 4.499999999999998579e+01
2.434734611831064299e+01 -5.482936502955154623e+01 4.500000000000000711e+01
2.335570149992743083e+01 -5.500790589571091971e+01 4.500000000000004263e+01
2.236096460236820249e+01 -5.517207853457554734e+01 4.500000000000000000e+01
2.136240304892106678e+01 -5.530924690455157844e+01 4.500000000000000711e+01
2.036012326653725779e+01 -5.541469274152503743e+01 4.500000000000000000e+01
1.935788929865760721e+01 -5.551988129504204750e+01 4.499999999999998579e+01
1.835516375992730786e+01 -5.562244153531874247e+01 4.499999999999999289e+01
1.735050741794412943e+01 -5.570214823354454126e+01 4.500000000000001421e+01
1.634704131382234138e+01 -5.579668169992398674e+01 4.499999999999997868e+01
1.534203682755912190e+01 -5.587268477251165422e+01 4.500000000000001421e+01
1.433690143856369659e+01 -5.594626753137058728e+01 4.500000000000002842e+01
1.333232724653131562e+01 -5.602804826151538009e+01 4.500000000000000000e+01
1.232621773511741203e+01 -5.608849796219585215e+01 4.500000000000000711e+01
1.132094448255100083e+01 -5.616032679379822667e+01 4.499999999999998579e+01
1.031511891714515450e+01 -5.622487308763583513e+01 4.500000000000000711e+01
9.308531961578390579e+00 -5.627645877925485962e+01 4.499999999999998579e+01
8.302567364212320555e+00 -5.633829736560889501e+01 4.500000000000000711e+01
7.295572358968340332e+00 -5.638251579634398780e+01 4.499999999999999289e+01
6.288645239304510248e+00 -5.642571687040948092e+01 4.499999999999999289e+01
5.281627822571290487e+00 -5.646827781091172938e+01 4.499999999999999289e+01
4.273950137558289342e+00 -5.649323037206716691e+01 4.499999999999999289e+01
3.266471507750981829e+00 -5.652143994753109979e+01 4.500000000000000000e+01
2.258685772270525582e+00 -5.654047251240014305e+01 4.500000000000000000e+01
1.250769410000387216e+00 -5.654827028921022247e+01 4.499999999999999289e+01
2.428642341351840428e-01 -5.655509584060659733e+01 4.499999999999998579e+01
-7.650931258210947883e-01 -5.655116558783279146e+01 4.500000000000001421e+01
-1.772990563631941852e+00 -5.654184663599673399e+01 4.500000000000001421e+01
-2.780812144818420872e+00 -5.652565598243045741e+01 4.499999999999999289e+01
-3.788481560714762608e+00 -5.650252559322454005e+01 4.499999999999999289e+01
-4.796086695448636306e+00 -5.647571840632380002e+01 4.499999999999998579e+01
-5.803326481978663409e+00 -5.643841008448769259e+01 4.500000000000000711e+01
-6.810536454100510007e+00 -5.640063081296493408e+01 4.500000000000000711e+01
-7.817565809272342570e+00 -5.635744849728639139e+01 4.499999999999998579e+01
-8.823987903226916174e+00 -5.630302949877223284e+01 4.500000000000000711e+01
-9.830730940554406772e+00 -5.625445179253084405e+01 4.499999999999998579e+01
-1.083704792719468912e+01 -5.619767882148623528e+01 4.500000000000002842e+01
-1.184268073156913559e+01 -5.613057993073095986e+01 4.499999999999999289e+01
-1.284895759876076937e+01 -5.607340611496764637e+01 4.499999999999999289e+01
-1.385455424942855096e+01 -5.600547687730460211e+01 4.500000000000000711e+01
-1.485943049743412026e+01 -5.592792144538487520e+01 4.500000000000001421e+01
-1.586506052159965385e+01 -5.586084014892763605e+01 4.499999999999998579e+01
-1.686975203730400708e+01 -5.578056000997964503e+01 4.500000000000000000e+01
-1.787342174891566060e+01 -5.568869826856780492e+01 4.500000000000000000e+01
-1.887768362691376467e+01 -5.560425058839054913e+01 4.499999999999999289e+01
-1.988051728155203790e+01 -5.550299977273261476e+01 4.500000000000000000e+01
-2.088120543118610328e+01 -5.538271734456413498e+01 4.499999999999997868e+01
-2.188200884263179802e+01 -5.526555743658369124e+01 4.499999999999996447e+01
-2.287832206066605423e+01 -5.511140982650023545e+01 4.500000000000002842e+01
-2.387256205463841496e+01 -5.494430316617276588e+01 4.500000000000002842e+01
-2.485882387875287236e+01 -5.473569898917286025e+01 4.500000000000000000e+01
-2.583548998227620430e+01 -5.448970066710265314e+01 4.499999999999999289e+01
-2.680728085346385825e+01 -5.422442593426939794e+01 4.500000000000000711e+01
-2.776024363505886328e+01 -5.389537281184054507e+01 4.499999999999999289e+01
-2.868339015709019790e+01 -5.349077105115185304e+01 4.500000000000000711e+01
-2.957480100820624003e+01 -5.301917466549456748e+01 4.499999999999999289e+01
-3.040271925486501559e+01 -5.244961999035415090e+01 4.499999999999998579e+01
-3.117774831457033358e+01 -5.180812017085466437e+01 4.500000000000000000e+01
-3.187602580624102799e+01 -5.108600436133323086e+01 4.500000000000000000e+01
-3.248129801619281665e+01 -5.028085772432293510e+01 4.500000000000000000e+01
-3.301684102562789747e+01 -4.942758603029822950e+01 4.500000000000000711e+01
-3.344957902370814651e+01 -4.851669665556904221e+01 4.500000000000001421e+01
-3.382245140147412599e+01 -4.758021607170246625e+01 4.500000000000000000e+01
-3.412789645734001454e+01 -4.662033783144031673e+01 4.500000000000002842e+01
-3.439443747299813481e+01 -4.564943668853342018e+01 4.499999999999998579e+01
-3.463227392427535278e+01 -4.466998314626694366e+01 4.499999999999997868e+01
-3.481774327259171287e+01 -4.367917604775147566e+01 4.500000000000001421e+01
-3.499264446558556330e+01 -4.268697222657154811e+01 4.500000000000000711e+01
-3.515403661388917556e+01 -4.169210117652760772e+01 4.499999999999999289e+01
-3.528380434911627361e+01 -4.069233665223187302e+01 4.499999999999999289e+01
-3.540582276349847035e+01 -3.969170205317274736e+01 4.499999999999994316e+01
-3.550552406510126957e+01 -3.868888234710887275e+01 4.499999999999999289e+01
-3.561007547803458806e+01 -3.768634553701138401e+01 4.500000000000001421e+01
-3.569157245230821474e+01 -3.668171753750919351e+01 4.500000000000000711e+01
-3.576345261336219039e+01 -3.567646881088501232e+01 4.499999999999999289e+01
-3.583581857953586791e+01 -3.467112565897774346e+01 4.500000000000000000e+01
-3.588712438070725597e+01 -3.366448491973700641e+01 4.499999999999999289e+01
-3.593411323919560374e+01 -3.265769532344435788e+01 4.500000000000001421e+01
-3.597002639759525522e+01 -3.165038530894567259e+01 4.500000000000001421e+01
-3.599362642513870014e+01 -3.064273111906123503e+01 4.499999999999999289e+01
-3.600764591988843222e+01 -2.963487674611038258e+01 4.500000000000000711e+01
-3.600703844373181539e+01 -2.862697511796219274e+01 4.500000000000000000e+01
-3.600035195717070735e+01 -2.761904907226562500e+01 4.500000000000000000e+01
