2.396670535628498300e+01 5.838095092773438921e+01 -4.499999999999999289e+01
2.296009123309368505e+01 5.844634579647730277e+01 -4.500000000000002132e+01
2.195252180812734011e+01 5.848234544305815064e+01 -4.500000000000000711e+01
2.094485807467237137e+01 5.851483053933910838e+01 -4.499999999999997868e+01
1.993740127990540856e+01 5.856260459632360948e+01 -4.500000000000000000e+01
1.892945029718427463e+01 5.858805890704414310e+01 -4.499999999999998579e+01
1.792147741364472324e+01 5.861248752604167578e+01 -4.500000000000000000e+01
1.691365041171392392e+01 5.864896653825527295e+01 -4.500000000000000000e+01
1.590551758252203030e+01 5.866691751481491224e+01 -4.499999999999998579e+01
1.489743060863104240e+01 5.868816056661479053e+01 -4.499999999999999289e+01
1.388943513494281135e+01 5.871776852709817263e+01 -4.499999999999998579e+01
1.288121692143618802e+01 5.873133700971612825e+01 -4.500000000000000711e+01
1.187308650459651638e+01 5.875191599122852892e+01 -4.500000000000000000e+01
1.086497082119215918e+01 5.877533819133847004e+01 -4.500000000000000711e+01
9.856696895368466826e+00 5.878579888684326704e+01 -4.500000000000000000e+01
8.848521737594317926e+00 5.880553194631848157e+01 -4.500000000000000711e+01
7.840287276423837604e+00 5.882194596128925923e+01 -4.500000000000000000e+01
6.831969565548756229e+00 5.882994574676418154e+01 -4.499999999999998579e+01
5.823715707730510616e+00 5.884644665160465848e+01 -4.500000000000000000e+01
4.815380085146668598e+00 5.885540556257534206e+01 -4.500000000000000000e+01
3.807025539884879795e+00 5.886118710185837699e+01 -4.499999999999999289e+01
2.798679136059775807e+00 5.887099627645118716e+01 -4.499999999999998579e+01
1.790292020722822564e+00 5.887349901728003942e+01 -4.499999999999999289e+01
7.819072160747774225e-01 5.887635528921577333e+01 -4.499999999999999289e+01
-2.264851085134365616e-01 5.887681605017748865e+01 -4.499999999999999289e+01
-1.234873324461491340e+00 5.887494733453219453e+01 -4.500000000000000711e+01
-2.243262381424854457e+00 5.887268013805348943e+01 -4.500000000000000000e+01
-3.251617031101072364e+00 5.886402297577916443e+01 -4.500000000000000000e+01
-4.259981843656149181e+00 5.885939417392091855e+01 -4.500000000000000000e+01
-5.268310936880271633e+00 5.884904948102069966e+01 -4.500000000000000000e+01
-6.276582638450862284e+00 5.883465659148245663e+01 -4.499999999999998579e+01
-7.284909645473248929e+00 5.882723735385939534e+01 -4.500000000000000711e+01
-8.293106988877978480e+00 5.880728647442662549e+01 -4.500000000000001421e+01
-9.301320941902059047e+00 5.879151564584504541e+01 -4.500000000000000000e+01
-1.030958132999700894e+01 5.877974114048742393e+01 -4.500000000000000000e+01
-1.131763629316595932e+01 5.875217915080915532e+01 -4.500000000000000000e+01
-1.232583181111015769e+01 5.873713272455750456e+01 -4.500000000000000711e+01
-1.333398619134512231e+01 5.871885906418390277e+01 -4.500000000000000711e+01
-1.434195485395733627e+01 5.868819443081056875e+01 -4.499999999999999289e+01
-1.535012578308795561e+01 5.867273208444799337e+01 -4.499999999999999289e+01
-1.635812542295963823e+01 5.864558472535044586e+01 -4.500000000000000711e+01
-1.736604595478632973e+01 5.861511448420337445e+01 -4.500000000000002842e+01
-1.837413789879503767e+01 5.859626677657488614e+01 -4.499999999999998579e+01
-1.938187986065360491e+01 5.855732927717033931e+01 -4.499999999999998579e+01
-2.038969629387536386e+01 5.852651013276381065e+01 -4.500000000000000711e+01
-2.139755738072288693e+01 5.849859400374916163e+01 -4.499999999999998579e+01
-2.240478373648263144e+01 5.844420794947921394e+01 -4.500000000000002132e+01
-2.341206046684010644e+01 5.840783197505690794e+01 -4.499999999999993605e+01
-2.441865379976709249e+01 5.834516552807129841e+01 -4.499999999999997158e+01
-2.542655104340199301e+01 5.829392881850586150e+01 -4.500000000000000000e+01
-2.642916460732126183e+01 5.819174313131958343e+01 -4.499999999999997158e+01
-2.743480130828241670e+01 5.811603030366948985e+01 -4.500000000000000000e+01
-2.843543344671364181e+01 5.799195372539039539e+01 -4.500000000000001421e+01
-2.942824885171856408e+01 5.783014649463061829e+01 -4.500000000000000000e+01
-3.042758377202456899e+01 5.769314491011189006e+01 -4.500000000000001421e+01
-3.139804198239769306e+01 5.742393491986140930e+01 -4.499999999999998579e+01
-3.238528053374596993e+01 5.722707519511668295e+01 -4.500000000000000000e+01
-3.332777132720819679e+01 5.686425886661814388e+01 -4.500000000000002132e+01
-3.418522431662980665e+01 5.634021264185294342e+01 -4.500000000000000000e+01
-3.503988364918509291e+01 5.580313934061246783e+01 -4.500000000000000711e+01
-3.577032083549244845e+01 5.511432083625224720e+01 -4.500000000000000000e+01
-3.628384023226112021e+01 5.424716121483567832e+01 -4.499999999999998579e+01
-3.682149036617733628e+01 5.339538455452882459e+01 -4.500000000000001421e+01
-3.718587614520058082e+01 5.244998189197783489e+01 -4.500000000000000711e+01
-3.739695457341633045e+01 5.146809951366093117e+01 -4.500000000000000000e+01
-3.764835454450839336e+01 5.049127446112153450e+01 -4.500000000000000000e+01
-3.778341735869065587e+01 4.949362007654829654e+01 -4.500000000000000000e+01
-3.796556634622020709e+01 4.850260417932182833e+01 -4.499999999999999289e+01
-3.804644505348163364e+01 4.749673031470301510e+01 -4.499999999999997868e+01
-3.816732861788073450e+01 4.649680899689339242e+01 -4.500000000000000000e+01
-3.824210504577133207e+01 4.549089531030592326e+01 -4.500000000000001421e+01
-3.830519103723926833e+01 4.448475154533817033e+01 -4.500000000000001421e+01
-3.838076595484527331e+01 4.347940207942459523e+01 -4.500000000000000000e+01
-3.842194488040213685e+01 4.247159807188203473e+01 -4.499999999999998579e+01
-3.846710222563994819e+01 4.146364559395351534e+01 -4.500000000000002132e+01
-3.849553778899986867e+01 4.045599012362861657e+01 -4.499999999999997868e+01
-3.853511859777414372e+01 3.944827117825693108e+01 -4.499999999999998579e+01
-3.855599750484218902e+01 3.844021868276350773e+01 -4.499999999999998579e+01
-3.859192139492930096e+01 3.743235964943727367e+01 -4.499999999999998579e+01
-3.861153434409921203e+01 3.642421626834688198e+01 -4.500000000000000000e+01
-3.863015020488001738e+01 3.541606021813740313e+01 -4.499999999999998579e+01
-3.865495486238980050e+01 3.440792642029411041e+01 -4.500000000000000711e+01
-3.866495507950104127e+01 3.339962392563637650e+01 -4.500000000000000711e+01
-3.868144878304800471e+01 3.239136519111741563e+01 -4.500000000000000711e+01
-3.869040709476119133e+01 3.138301763742115469e+01 -4.499999999999998579e+01
-3.869581766758201269e+01 3.037465286886165572e+01 -4.499999999999997868e+01
-3.870081845939091636e+01 2.936627141708394362e+01 -4.500000000000000711e+01
-3.869924438083882023e+01 2.835788252258532793e+01 -4.500000000000000000e+01
-3.869751636605621314e+01 2.734949180434364635e+01 -4.500000000000000711e+01
-3.868589268757327915e+01 2.634115993957276203e+01 -4.499999999999998579e+01
-3.867592602990644934e+01 2.533284759942207387e+01 -4.500000000000000000e+01
-3.866186266823652318e+01 2.432458912509414262e+01 -4.500000000000000000e+01
-3.863925664993877973e+01 2.331646652773331141e+01 -4.500000000000000000e+01
-3.860653348737310608e+01 2.230857884619796749e+01 -4.500000000000002132e+01
-3.857372348324200573e+01 2.130080310573657698e+01 -4.499999999999995737e+01
-3.853973884991738430e+01 2.029313587129969321e+01 -4.500000000000001421e+01
-3.849942325634115292e+01 1.928569260582349898e+01 -4.500000000000004263e+01
-3.844331393940495190e+01 1.827880198034511139e+01 -4.499999999999998579e+01
-3.838529545904412288e+01 1.727181188903470499e+01 -4.500000000000000711e+01
-3.831797122658545618e+01 1.626553736847723641e+01 -4.500000000000000000e+01
-3.823093860633328234e+01 1.526112667561061187e+01 -4.499999999999999289e+01
-3.812575275550118903e+01 1.425891064150222576e+01 -4.500000000000000711e+01
-3.800817540221752466e+01 1.325852197746755046e+01 -4.500000000000001421e+01
-3.788791356317950942e+01 1.225838393023823336e+01 -4.499999999999999289e+01
-3.774628370216910156e+01 1.126103483010137474e+01 -4.500000000000000000e+01
-3.755937227872057349e+01 1.027157719019808013e+01 -4.500000000000000711e+01
-3.731092182848523464e+01 9.295925098637495054e+00 -4.499999999999999289e+01
-3.699059917131785369e+01 8.341109668134976118e+00 -4.499999999999997158e+01
-3.666187080482730920e+01 7.387007131799151693e+00 -4.499999999999999289e+01
-3.620400364003682370e+01 6.491163253324895521e+00 -4.499999999999999289e+01
-3.559742143708561457e+01 5.692290006169959504e+00 -4.499999999999999289e+01
-3.492289124858086780e+01 4.946354753820376260e+00 -4.499999999999999289e+01
-3.409779245357020727e+01 4.373922077382195184e+00 -4.500000000000000711e+01
-3.321274842238847214e+01 3.895836009323512261e+00 -4.500000000000000711e+01
-3.226697234357083488e+01 3.558136148249261499e+00 -4.499999999999999289e+01
-3.129386218020926691e+01 3.298823860410964759e+00 -4.500000000000014211e+01
-3.030219195282537470e+01 3.110706188149067408e+00 -4.499999999999984368e+01
-2.929835070300099886e+01 3.004604054448019035e+00 -4.499999999999999289e+01
-2.829135199814503920e+01 2.955183379462509308e+00 -4.499999999999997868e+01
-2.728312908062926212e+01 2.938479105405387148e+00 -4.500000000000001421e+01
-2.627636565208806374e+01 2.998867083805997424e+00 -4.500000000000000000e+01
-2.527460728998686790e+01 3.092224324413115344e+00 -4.500000000000001421e+01
-2.427753347932939931e+01 3.249965057844328431e+00 -4.500000000000000000e+01
-2.330331514677126137e+01 3.515486932863109981e+00 -4.500000000000002132e+01
-2.234981010149434155e+01 3.829254548562675442e+00 -4.500000000000000000e+01
-2.145512666019115144e+01 4.301154817641259065e+00 -4.500000000000000000e+01
-2.061849555844937498e+01 4.858160158555200780e+00 -4.499999999999999289e+01
-1.988415502515089628e+01 5.558442136622501195e+00 -4.499999999999999289e+01
-1.920453663143736733e+01 6.300139885426189856e+00 -4.499999999999999289e+01
-1.861516179410072525e+01 7.123441576621589277e+00 -4.499999999999998579e+01
-1.802519361498331918e+01 7.940263357855269710e+00 -4.499999999999999289e+01
-1.750300539855898663e+01 8.802933650620666128e+00 -4.500000000000001421e+01
-1.694050533220320176e+01 9.639840298546653585e+00 -4.500000000000000000e+01
-1.636570050077324012e+01 1.046807123029204156e+01 -4.500000000000001421e+01
-1.579065747533616992e+01 1.129560246116907329e+01 -4.500000000000000000e+01
-1.518527936658130706e+01 1.210200120132212831e+01 -4.500000000000000711e+01
-1.453334422162425987e+01 1.287179073279889252e+01 -4.500000000000000711e+01
-1.386409298041418481e+01 1.362450328214936413e+01 -4.500000000000000711e+01
-1.314505418701733852e+01 1.433250860289903805e+01 -4.500000000000000711e+01
-1.239975572522878977e+01 1.501052466927129636e+01 -4.499999999999998579e+01
-1.160771275146362491e+01 1.563604467802971421e+01 -4.499999999999998579e+01
-1.078739226995466183e+01 1.622190365306814286e+01 -4.500000000000000711e+01
-9.926900838892240841e+00 1.674842963007550622e+01 -4.500000000000000711e+01
-9.043826359679187021e+00 1.723561965784094951e+01 -4.500000000000000000e+01
-8.121774125534779287e+00 1.764194040238098893e+01 -4.499999999999999289e+01
-7.191542700723321246e+00 1.803210266022024655e+01 -4.500000000000000711e+01
-6.235497723204985299e+00 1.835074473475984647e+01 -4.500000000000000711e+01
-5.263568908193204443e+00 1.861746922929867054e+01 -4.500000000000000000e+01
-4.279547653950907637e+00 1.884072251345541460e+01 -4.500000000000000000e+01
-3.284029618599436873e+00 1.899447737922472257e+01 -4.500000000000000711e+01
-2.285565601018085591e+00 1.913535129486965403e+01 -4.499999999999998579e+01
-1.278852147615808788e+00 1.919700536369618860e+01 -4.500000000000000711e+01
-2.721484620414767464e-01 1.923715528165780242e+01 -4.500000000000000711e+01
7.366494483186130093e-01 1.922806585601813723e+01 -4.500000000000000000e+01
1.742729924038181499e+00 1.916107433401107585e+01 -4.500000000000000000e+01
2.746197461545766494e+00 1.906511549812290696e+01 -4.500000000000000711e+01
3.743967385277814142e+00 1.891751415778471213e+01 -4.499999999999998579e+01
4.732912370825480330e+00 1.872109860724946628e+01 -4.500000000000000711e+01
5.712432638669328711e+00 1.848201529430794565e+01 -4.500000000000001421e+01
6.675965577689743746e+00 1.818428963324661041e+01 -4.499999999999999289e+01
7.623504043097367067e+00 1.783925381039373903e+01 -4.500000000000000711e+01
8.549024308539269867e+00 1.743938958287940721e+01 -4.500000000000000711e+01
9.451153119855089102e+00 1.698937191277858716e+01 -4.500000000000000711e+01
1.032388448150224214e+01 1.648483809333395911e+01 -4.500000000000000711e+01
1.117016508863095581e+01 1.593731719616382136e+01 -4.500000000000002132e+01
1.197459413647727189e+01 1.532951396917672859e+01 -4.500000000000000000e+01
1.275545874482443942e+01 1.469177537374131504e+01 -4.500000000000000711e+01
1.348183943900700932e+01 1.399254643353706307e+01 -4.500000000000000000e+01
1.419278201930128169e+01 1.327766700957992896e+01 -4.499999999999998579e+01
1.484208993536734411e+01 1.250606292522057217e+01 -4.500000000000001421e+01
1.547910045519895483e+01 1.172592259144965432e+01 -4.500000000000000000e+01
1.609119120076350384e+01 1.092320839792736642e+01 -4.499999999999997868e+01
1.664026828073554398e+01 1.007810303054943013e+01 -4.500000000000000711e+01
1.721028835244227650e+01 9.248705769279162325e+00 -4.500000000000001421e+01
1.778196388998881616e+01 8.416929960068719296e+00 -4.500000000000000000e+01
1.830233815671979514e+01 7.553985057457896168e+00 -4.500000000000001421e+01
1.890507246277289255e+01 6.749933159639171620e+00 -4.499999999999997158e+01
1.953228385034623926e+01 5.966123658371536465e+00 -4.500000000000000000e+01
2.022359681027227651e+01 5.231828765325841069e+00 -4.500000000000000000e+01
2.101407304488229499e+01 4.614648542508213325e+00 -4.499999999999996447e+01
2.187123902443891410e+01 4.080764483592244751e+00 -4.499999999999999289e+01
2.279327556150759904e+01 3.682533919408928380e+00 -4.500000000000000711e+01
2.375189785024900502e+01 3.374961829577564298e+00 -4.500000000000000711e+01
2.474279662824505621e+01 3.184428605923485200e+00 -4.500000000000000000e+01
2.573934705054262295e+01 3.030250601270273236e+00 -4.500000000000000000e+01
2.674538096792717567e+01 2.962235179564883136e+00 -4.500000000000001421e+01
2.775294576645510602e+01 2.932249018498576110e+00 -4.499999999999999289e+01
2.876100525814779019e+01 2.969736363045978322e+00 -4.499999999999998579e+01
2.976451328665040919e+01 3.052266563453028159e+00 -4.500000000000002842e+01
3.076406106042835020e+01 3.188418018173611923e+00 -4.500000000000002132e+01
3.175616903419334136e+01 3.387454973597183283e+00 -4.500000000000002842e+01
3.269575144220973328e+01 3.737253488035407134e+00 -4.499999999999999289e+01
3.363993681331917429e+01 4.095216206449878271e+00 -4.500000000000000000e+01
3.449167059319992035e+01 4.633602723884323815e+00 -4.500000000000000711e+01
3.526746549329082825e+01 5.276811610173313127e+00 -4.500000000000000711e+01
3.585828136608843408e+01 6.087950340420187345e+00 -4.500000000000000000e+01
3.642115880401060934e+01 6.924773883401555530e+00 -4.500000000000000000e+01
3.684737646889239215e+01 7.837501126949002916e+00 -4.500000000000001421e+01
3.713999366654146428e+01 8.800827090634356864e+00 -4.500000000000001421e+01
3.740671295451089406e+01 9.770815933778111528e+00 -4.500000000000000000e+01
3.764214694953336959e+01 1.075059376159896907e+01 -4.499999999999999289e+01
3.779561825612962878e+01 1.174632251613617484e+01 -4.500000000000000000e+01
3.793614960102514289e+01 1.274324944243178415e+01 -4.500000000000000000e+01
3.808197904997360439e+01 1.373976805175203530e+01 -4.500000000000000000e+01
3.819669974750021169e+01 1.474115964715433158e+01 -4.500000000000001421e+01
3.827328490240753212e+01 1.574699030037959346e+01 -4.500000000000000000e+01
3.834809790337720159e+01 1.675237805901114996e+01 -4.500000000000014211e+01
3.842401213145578254e+01 1.775753816241951455e+01 -4.499999999999998579e+01
3.847144930006917463e+01 1.876479613590294448e+01 -4.500000000000004974e+01
3.852185295124873221e+01 1.977193219903923094e+01 -4.499999999999999289e+01
3.856996506713426243e+01 2.077930096164305596e+01 -4.500000000000000711e+01
3.860144109323240968e+01 2.178712353773850907e+01 -4.499999999999998579e+01
3.862541324528136499e+01 2.279512612913464409e+01 -4.500000000000000000e+01
3.864818180578895834e+01 2.380319138601147344e+01 -4.500000000000001421e+01
3.867131785598111549e+01 2.481132021983117397e+01 -4.500000000000001421e+01
3.868686012962244547e+01 2.581958789006554866e+01 -4.500000000000000000e+01
3.869329324404619541e+01 2.682794418115448210e+01 -4.500000000000000711e+01
3.870189512829961842e+01 2.783629307211938197e+01 -4.499999999999999289e+01
3.870377851989959339e+01 2.884468389653855169e+01 -4.499999999999999289e+01
3.870331887310777574e+01 2.985307183713180734e+01 -4.500000000000000000e+01
3.869806910861433380e+01 3.086145151742832127e+01 -4.499999999999999289e+01
3.868893597822744823e+01 3.186978969404033180e+01 -4.499999999999999289e+01
3.868142884139603410e+01 3.287813648200634020e+01 -4.499999999999998579e+01
3.866038923220168755e+01 3.388634381048352395e+01 -4.499999999999999289e+01
3.864665772390387133e+01 3.489458230240537517e+01 -4.500000000000000000e+01
3.862692632413272520e+01 3.590275060719711320e+01 -4.499999999999999289e+01
3.859589765766241243e+01 3.691070777359887956e+01 -4.499999999999997868e+01
3.857691982399524022e+01 3.791881091891905697e+01 -4.500000000000001421e+01
3.853974367582252114e+01 3.892659795747346863e+01 -4.500000000000000000e+01
3.850458284039659418e+01 3.993432648500786541e+01 -4.500000000000000711e+01
3.847563659987119422e+01 4.094210910040492024e+01 -4.500000000000000711e+01
3.842770937463889425e+01 4.194961064942046391e+01 -4.499999999999996447e+01
3.837954501243920902e+01 4.295691279419055064e+01 -4.500000000000019895e+01
3.831762113640085232e+01 4.396311912273652922e+01 -4.499999999999995026e+01
3.827192854756256679e+01 4.497091918132669264e+01 -4.499999999999997868e+01
3.818808279556075291e+01 4.597563732931952529e+01 -4.500000000000001421e+01
3.809939656550576359e+01 4.697939095090966788e+01 -4.499999999999999289e+01
3.801990714797121740e+01 4.798511954642658850e+01 -4.499999999999998579e+01
3.787472228252839557e+01 4.898234679333122443e+01 -4.500000000000000000e+01
3.772761536727801257e+01 4.997759741464569316e+01 -4.500000000000000000e+01
3.756904293054604693e+01 5.097291869915697049e+01 -4.499999999999999289e+01
3.728422893886842360e+01 5.193979666273367002e+01 -4.500000000000000000e+01
3.697520743362134255e+01 5.289146228579578235e+01 -4.500000000000000000e+01
3.656809912070972501e+01 5.381559969115384234e+01 -4.500000000000000000e+01
3.609800856745197706e+01 5.469417874954054071e+01 -4.500000000000000000e+01
3.544652507142333064e+01 5.545982979209584585e+01 -4.499999999999999289e+01
3.470394340902907260e+01 5.614101003818065294e+01 -4.499999999999998579e+01
3.380333168900796181e+01 5.659460077126192346e+01 -4.499999999999999289e+01
3.289890807133656381e+01 5.704566434220046744e+01 -4.500000000000001421e+01
3.193688778900830627e+01 5.732253390395049308e+01 -4.500000000000000000e+01
3.097097492842295097e+01 5.759512141226209536e+01 -4.500000000000000711e+01
2.998553697579576394e+01 5.780486970668568603e+01 -4.500000000000000000e+01
2.898391016503022044e+01 5.792321487441770955e+01 -4.500000000000002132e+01
2.798666209422530926e+01 5.806038959474136618e+01 -4.500000000000000711e+01
2.698524153549548643e+01 5.817640488270230037e+01 -4.499999999999999289e+01
2.597822197216545703e+01 5.824122322637924754e+01 -4.500000000000002132e+01
2.497346177511276721e+01 5.832076073182984999e+01 -4.499999999999992184e+01
2.396670535628498300e+01 5.838095092773437500e+01 -4.499999999999999289e+01
