3.869748673036408348e+01 -2.734438187174301049e+01 4.500000000000000711e+01
3.869949480729213320e+01 -2.835276987341060106e+01 4.499999999999998579e+01
3.870082634972207103e+01 -2.936115864983676005e+01 4.500000000000000000e+01
3.869581847706464828e+01 -3.036953872801216292e+01 4.499999999999997868e+01
3.869046324635710477e+01 -3.137790249258307185e+01 4.500000000000000000e+01
3.868142882657591741e+01 -3.238624827587283050e+01 4.500000000000000711e+01
3.866503994905387032e+01 -3.339450644462660023e+01 4.500000000000000000e+01
3.865504701533580345e+01 -3.440280791447332831e+01 4.500000000000000711e+01
3.863017654602138151e+01 -3.541093959762572752e+01 4.500000000000001421e+01
3.861170096775809668e+01 -3.641909617895073126e+01 4.500000000000000711e+01
3.859196647509150324e+01 -3.742723679926198344e+01 4.500000000000000711e+01
3.855614830396501702e+01 -3.843509598628700985e+01 4.499999999999997868e+01
3.853532113233224266e+01 -3.944314841114653092e+01 4.500000000000003553e+01
3.849555585439627947e+01 -4.045086275834630385e+01 4.500000000000001421e+01
3.846731552140813903e+01 -4.145852220510212760e+01 4.499999999999998579e+01
3.842212345345912183e+01 -4.246646982697845374e+01 4.500000000000000000e+01
3.838111477990392473e+01 -4.347428636964060900e+01 4.500000000000000000e+01
3.830534316793679039e+01 -4.447961455034091927e+01 4.499999999999997158e+01
3.824277471939501538e+01 -4.548580738606268881e+01 4.500000000000000000e+01
3.816755575919584231e+01 -4.649167287660846171e+01 4.500000000000000711e+01
3.804707687380318504e+01 -4.749163481050315738e+01 4.499999999999999289e+01
3.796615613975654213e+01 -4.849751134631705440e+01 4.499999999999998579e+01
3.778399306456939399e+01 -4.948850854396659571e+01 4.500000000000002132e+01
3.764961067337123524e+01 -5.048630097587354015e+01 4.499999999999999289e+01
3.739771762155096724e+01 -5.146301206718307242e+01 4.500000000000000000e+01
3.718751111096478468e+01 -5.244511222948939633e+01 4.499999999999999289e+01
3.682341263013361043e+01 -5.339060760920421700e+01 4.500000000000000000e+01
3.628639046909995614e+01 -5.424268693211897840e+01 4.500000000000002132e+01
3.577334070294540425e+01 -5.511017215887024889e+01 4.500000000000000000e+01
3.504412531963790656e+01 -5.580026282364094925e+01 4.499999999999998579e+01
3.418944697619750173e+01 -5.633726789788099154e+01 4.499999999999998579e+01
3.333250383825101437e+01 -5.686216503334670591e+01 4.499999999999999289e+01
3.239020380724659987e+01 -5.722568900913233847e+01 4.500000000000000000e+01
3.140299578610726883e+01 -5.742255826841429212e+01 4.500000000000000000e+01
3.043265193825423154e+01 -5.769237203949617765e+01 4.499999999999999289e+01
2.943325566292859818e+01 -5.782895828485815315e+01 4.500000000000000711e+01
2.844057677836111964e+01 -5.799160613450662538e+01 4.500000000000000711e+01
2.743987164765307796e+01 -5.811520231884780685e+01 4.499999999999999289e+01
2.643430810631733863e+01 -5.819143032830343287e+01 4.499999999999999289e+01
2.543169163787432652e+01 -5.829365127842563510e+01 4.499999999999999289e+01
2.442377351198522106e+01 -5.834463872158089259e+01 4.499999999999998579e+01
2.341720028253900310e+01 -5.840748856241224729e+01 4.500000000000000711e+01
2.240993041921635864e+01 -5.844401372939596229e+01 4.499999999999995737e+01
2.140270590878033019e+01 -5.849842549666549729e+01 4.499999999999997158e+01
2.039484481333857957e+01 -5.852623820468621574e+01 4.500000000000003553e+01
1.938703415183087486e+01 -5.855728535645460653e+01 4.499999999999997868e+01
1.837929122579609853e+01 -5.859608455661305726e+01 4.500000000000002842e+01
1.737120071648931940e+01 -5.861491795317770936e+01 4.499999999999997158e+01
1.636328490428230609e+01 -5.864560483690948445e+01 4.500000000000000000e+01
1.535528365560592334e+01 -5.867254643072732279e+01 4.499999999999999289e+01
1.434711502943501671e+01 -5.868806410601493440e+01 4.500000000000000000e+01
1.333914921566322853e+01 -5.871883664439299366e+01 4.500000000000000711e+01
1.233099421994856648e+01 -5.873695503770447601e+01 4.500000000000000711e+01
1.132280174312352905e+01 -5.875212274439711280e+01 4.500000000000001421e+01
1.031474791563985249e+01 -5.877966792103647720e+01 4.500000000000000000e+01
9.306488189934794875e+00 -5.879136887037831372e+01 4.500000000000000000e+01
8.298277389190374720e+00 -5.880729635436958347e+01 4.500000000000000000e+01
7.290080363144792130e+00 -5.882714480149198977e+01 4.500000000000001421e+01
6.281754923611732266e+00 -5.883456417496846313e+01 4.500000000000000000e+01
5.273485482445033234e+00 -5.884906723400131057e+01 4.499999999999998579e+01
4.265157160760571387e+00 -5.885932042484488136e+01 4.500000000000000711e+01
3.256794095661022848e+00 -5.886399132168273240e+01 4.500000000000000711e+01
2.248440939553414175e+00 -5.887268152650372599e+01 4.500000000000000000e+01
1.240053222363596941e+00 -5.887492383913772187e+01 4.500000000000000000e+01
2.316664501524279551e-01 -5.887682669909276711e+01 4.499999999999999289e+01
-7.767244886700416240e-01 -5.887635559126150042e+01 4.500000000000000000e+01
-1.785108017955701731e+00 -5.887353841696943846e+01 4.500000000000000711e+01
-2.793493740163072836e+00 -5.887101440636950400e+01 4.500000000000000711e+01
-3.801838810636549937e+00 -5.886122153881119345e+01 4.500000000000001421e+01
-4.810192456781693160e+00 -5.885549964225962327e+01 4.499999999999999289e+01
-5.818526115936919041e+00 -5.884645002106402956e+01 4.500000000000000000e+01
-6.826779261577591740e+00 -5.883003334456662259e+01 4.500000000000000711e+01
-7.835096131129184904e+00 -5.882207354846485003e+01 4.499999999999999289e+01
-8.843327875635173640e+00 -5.880552354296222006e+01 4.500000000000000711e+01
-9.851503256110584417e+00 -5.878593829298645090e+01 4.500000000000000711e+01
-1.085977594557110848e+01 -5.877547707235354579e+01 4.500000000000000000e+01
-1.186788856533025260e+01 -5.875191457944001883e+01 4.500000000000000000e+01
-1.287601991278722124e+01 -5.873151723145244318e+01 4.500000000000000711e+01
-1.388423630959118427e+01 -5.871790488488749560e+01 4.500000000000000000e+01
-1.489222904176935813e+01 -5.868819768014002136e+01 4.500000000000000000e+01
-1.590031723571807376e+01 -5.866713307434683600e+01 4.500000000000001421e+01
-1.690844765478192002e+01 -5.864909833837741360e+01 4.500000000000000000e+01
-1.791627268891922498e+01 -5.861258513589086050e+01 4.500000000000001421e+01
-1.892424721051678560e+01 -5.858832227823670280e+01 4.499999999999999289e+01
-1.993219490733287813e+01 -5.856273875658771288e+01 4.499999999999999289e+01
-2.093965065868550468e+01 -5.851499337158296044e+01 4.500000000000000000e+01
-2.194730055397353397e+01 -5.848212991400066585e+01 4.500000000000004263e+01
-2.295474436146175279e+01 -5.844198597627301695e+01 4.499999999999997158e+01
-2.396149021298192849e+01 -5.838115563126538632e+01 4.500000000000000000e+01
-2.496820956000537706e+01 -5.832054917921433201e+01 4.500000000000009948e+01
-2.597303362182974951e+01 -5.824176588958050615e+01 4.499999999999998579e+01
-2.698004944262688198e+01 -5.817688405871765411e+01 4.500000000000001421e+01
-2.798143747383673485e+01 -5.806069565690229695e+01 4.499999999999999289e+01
-2.897878108376123052e+01 -5.792419247277306482e+01 4.500000000000000711e+01
-2.998042957519511731e+01 -5.780586181222482622e+01 4.500000000000000000e+01
-3.096576137902634329e+01 -5.759568415289549392e+01 4.499999999999998579e+01
-3.193194510235862538e+01 -5.732426031961307444e+01 4.500000000000000000e+01
-3.289423566637839969e+01 -5.704798972963308756e+01 4.499999999999998579e+01
-3.379885958517706968e+01 -5.659732582495660580e+01 4.500000000000001421e+01
-3.469991320037615168e+01 -5.614414504156410857e+01 4.499999999999999289e+01
-3.544218910069051987e+01 -5.546274170721217445e+01 4.500000000000001421e+01
-3.609434350758752430e+01 -5.469787488533005870e+01 4.499999999999999289e+01
-3.656607568622607829e+01 -5.382045776905204093e+01 4.500000000000000000e+01
-3.697296577338310186e+01 -5.289620101919933859e+01 4.499999999999999289e+01
-3.728329014558659793e+01 -5.194491465222036908e+01 4.500000000000000000e+01
-3.756800565687127857e+01 -5.097798014597441352e+01 4.500000000000000711e+01
-3.772628502265651917e+01 -4.998262799968525627e+01 4.499999999999998579e+01
-3.787427942533631153e+01 -4.898753050765334649e+01 4.500000000000000711e+01
-3.801937493808114965e+01 -4.799027960386686686e+01 4.499999999999999289e+01
-3.809861331626503755e+01 -4.698452813188623622e+01 4.499999999999999289e+01
-3.818782753814176800e+01 -4.598083151122626333e+01 4.499999999999998579e+01
-3.827154865786408777e+01 -4.497609897586463745e+01 4.500000000000001421e+01
-3.831721717384182568e+01 -4.396830037092107091e+01 4.500000000000000711e+01
-3.837937201624806960e+01 -4.296211106127834256e+01 4.500000000000035527e+01
-3.842753483746528076e+01 -4.195480866155086375e+01 4.499999999999990052e+01
-3.847538866129980306e+01 -4.094730229890185313e+01 4.500000000000004263e+01
-3.850427184743520570e+01 -3.993952171767987380e+01 4.500000000000000000e+01
-3.853968965736588359e+01 -3.893179949203433665e+01 4.499999999999999289e+01
-3.857668181255782969e+01 -3.792401079006940989e+01 4.500000000000002132e+01
-3.859569424864911724e+01 -3.691591003605260113e+01 4.499999999999999289e+01
-3.862688489342589548e+01 -3.590795647199968954e+01 4.500000000000000711e+01
-3.864646549614257509e+01 -3.489978788433474932e+01 4.500000000000000711e+01
-3.866029426327065011e+01 -3.389155211645434918e+01 4.499999999999998579e+01
-3.868134377855837869e+01 -3.288334621543751268e+01 4.499999999999998579e+01
-3.868882976175135724e+01 -3.187500089253333968e+01 4.500000000000000000e+01
-3.869804886206809158e+01 -3.086666461933736727e+01 4.500000000000000000e+01
-3.870326714387049094e+01 -2.985828620731629712e+01 4.500000000000000711e+01
-3.870377412504443981e+01 -2.884989970591673014e+01 4.500000000000000711e+01
-3.870187036715038431e+01 -2.784151031351048289e+01 4.500000000000000000e+01
-3.869334332265315624e+01 -2.683316242602565538e+01 4.499999999999999289e+01
-3.868691942319257038e+01 -2.582480719193625163e+01 4.500000000000000000e+01
-3.867129281080327274e+01 -2.481654160721241809e+01 4.500000000000001421e+01
-3.864825537355109475e+01 -2.380841308498979814e+01 4.500000000000000000e+01
-3.862560442221439416e+01 -2.280034716560993502e+01 4.500000000000000000e+01
-3.860167117411939586e+01 -2.179234453239667246e+01 4.499999999999998579e+01
-3.857009705563116597e+01 -2.078452454669654514e+01 4.500000000000000711e+01
-3.852188585238018703e+01 -1.977715936241970240e+01 4.500000000000000000e+01
-3.847173954225135617e+01 -1.877001806475632151e+01 4.500000000000000711e+01
-3.842422448285329040e+01 -1.776276982230055523e+01 4.500000000000000000e+01
-3.834837101222370137e+01 -1.675760636962230521e+01 4.499999999999997868e+01
-3.827404702302819572e+01 -1.575216494696127612e+01 4.500000000000000000e+01
-3.819722431789865169e+01 -1.474636048366206964e+01 4.499999999999998579e+01
-3.808228430829801425e+01 -1.374500377645649252e+01 4.499999999999999289e+01
-3.793666007640232607e+01 -1.274846447845170871e+01 4.500000000000000711e+01
-3.779685779385001609e+01 -1.175141375566427726e+01 4.499999999999999289e+01
-3.764316305554458353e+01 -1.075571430752605906e+01 4.500000000000001421e+01
-3.740734478712830935e+01 -9.776025987500581493e+00 4.499999999999998579e+01
-3.714171462826064385e+01 -8.805792979585731928e+00 4.500000000000000000e+01
-3.684938982427492959e+01 -7.842374683446023731e+00 4.499999999999999289e+01
-3.642390335283463543e+01 -6.929192077977471165e+00 4.500000000000000711e+01
-3.586077002376427458e+01 -6.092562971974190056e+00 4.500000000000001421e+01
-3.527120015142590148e+01 -5.280483945315194383e+00 4.499999999999999289e+01
-3.449587956127930255e+01 -4.636713857402495087e+00 4.499999999999997158e+01
-3.364472146640742523e+01 -4.097238681502991753e+00 4.500000000000002132e+01
-3.270050673192679369e+01 -3.739447876938972293e+00 4.499999999999999289e+01
-3.176123538661603263e+01 -3.388651657917937321e+00 4.500000000000001421e+01
-3.076917432029435773e+01 -3.189603179367029195e+00 4.500000000000000711e+01
-2.976969129983704221e+01 -3.053027534527144482e+00 4.500000000000003553e+01
-2.876623384659665916e+01 -2.969817740138800843e+00 4.499999999999999289e+01
-2.775816919015385054e+01 -2.932366884581786071e+00 4.500000000000000000e+01
-2.675060343971642496e+01 -2.961978736611886376e+00 4.499999999999999289e+01
-2.574454957949535938e+01 -3.029732172268668311e+00 4.500000000000000000e+01
-2.474798849996235361e+01 -3.183759212760995272e+00 4.500000000000000000e+01
-2.375700424650926479e+01 -3.373787210362176658e+00 4.500000000000000000e+01
-2.279819890593879705e+01 -3.680733347124940824e+00 4.500000000000000711e+01
-2.187562963000020844e+01 -4.077918061476517586e+00 4.500000000000000711e+01
-2.101848436670513109e+01 -4.611775787628149992e+00 4.499999999999997868e+01
-2.022699523677391653e+01 -5.227839865857740520e+00 4.500000000000000000e+01
-1.953584305980473701e+01 -5.962253482668513627e+00 4.499999999999998579e+01
-1.890758941861495757e+01 -6.745322775265560900e+00 4.500000000000001421e+01
-1.830512541916340652e+01 -7.549561818074141506e+00 4.500000000000000000e+01
-1.778480136173653392e+01 -8.412557510005004957e+00 4.499999999999999289e+01
-1.721270299493188460e+01 -9.244044533523243956e+00 4.500000000000000000e+01
-1.664312297210078384e+01 -1.007371296801739291e+01 4.499999999999998579e+01
-1.609418274353454592e+01 -1.091892621114331696e+01 4.500000000000000000e+01
-1.548202741193570020e+01 -1.172157427620884107e+01 4.500000000000003553e+01
-1.484543045888221968e+01 -1.250203742994017198e+01 4.500000000000001421e+01
-1.419617122260142850e+01 -1.327368310082479574e+01 4.500000000000001421e+01
-1.348551745748412500e+01 -1.398883469618833075e+01 4.500000000000000711e+01
-1.275928000728051259e+01 -1.468821301303597338e+01 4.500000000000001421e+01
-1.197864365921240548e+01 -1.532622560484272967e+01 4.500000000000001421e+01
-1.117434884466309342e+01 -1.593420398694779649e+01 4.500000000000000000e+01
-1.032828744971123491e+01 -1.648206213469911319e+01 4.500000000000002132e+01
-9.455693848109900657e+00 -1.698684049092213755e+01 4.499999999999999289e+01
-8.553709242814285574e+00 -1.743715239242838422e+01 4.500000000000001421e+01
-7.628276027261978953e+00 -1.783722776169470947e+01 4.500000000000001421e+01
-6.680840954664664544e+00 -1.818255113581575699e+01 4.499999999999999289e+01
-5.717349861740597561e+00 -1.848040478586727176e+01 4.500000000000002132e+01
-4.737924010185343704e+00 -1.871984120301222276e+01 4.500000000000000711e+01
-3.749034908185155501e+00 -1.891654735361522555e+01 4.499999999999998579e+01
-2.751286419402280359e+00 -1.906426625520402851e+01 4.500000000000000000e+01
-1.747857032236300512e+00 -1.916054568048871687e+01 4.500000000000002132e+01
-7.417852396502221390e-01 -1.922783863947448779e+01 4.500000000000000000e+01
2.670051276485607694e-01 -1.923693926336358828e+01 4.499999999999999289e+01
1.273720311333301103e+00 -1.919726152353268134e+01 4.500000000000000000e+01
2.280451818353097071e+00 -1.913571086316845538e+01 4.500000000000000000e+01
3.278919208149855269e+00 -1.899498460987389592e+01 4.499999999999999289e+01
4.274524662572680711e+00 -1.884170118934761362e+01 4.499999999999999289e+01
5.258508994078676224e+00 -1.861830560707514337e+01 4.499999999999999289e+01
6.230564799194119985e+00 -1.835211675408538667e+01 4.500000000000000711e+01
7.186772475471991939e+00 -1.803389806936229434e+01 4.500000000000000711e+01
8.116968423310988001e+00 -1.764367150041351096e+01 4.500000000000000711e+01
9.039242377578098342e+00 -1.723784741930851894e+01 4.500000000000000711e+01
9.922437026913046410e+00 -1.675087116383052788e+01 4.499999999999999289e+01
1.078306566006910394e+01 -1.622457712388657214e+01 4.500000000000000000e+01
1.160362378738833478e+01 -1.563905148086296393e+01 4.500000000000000711e+01
1.239576601079889606e+01 -1.501366062732196660e+01 4.500000000000001421e+01
1.314138743689738043e+01 -1.433600134078316835e+01 4.499999999999999289e+01
1.386044951985196860e+01 -1.362801919522996918e+01 4.499999999999997158e+01
1.453007412219095151e+01 -1.287564857904669324e+01 4.500000000000001421e+01
1.518195200859341654e+01 -1.210580564246577495e+01 4.499999999999998579e+01
1.578755312923990495e+01 -1.129959649650369258e+01 4.500000000000001421e+01
1.636297810168048983e+01 -1.047232532426418850e+01 4.500000000000000000e+01
1.693748302112093640e+01 -9.643894568990614147e+00 4.500000000000000711e+01
1.750025711741233891e+01 -8.807174602842593458e+00 4.500000000000000000e+01
1.802252924337161133e+01 -7.944548807253713818e+00 4.499999999999998579e+01
1.861206397449929284e+01 -7.127461040466413600e+00 4.500000000000000000e+01
1.920149473284478603e+01 -6.304187768560151284e+00 4.500000000000004263e+01
1.988050177036393862e+01 -5.561995625856812175e+00 4.499999999999997868e+01
2.061462756971292976e+01 -4.861440237891214267e+00 4.500000000000000000e+01
2.145069125667458465e+01 -4.303660641156645816e+00 4.500000000000001421e+01
2.234519019911849469e+01 -3.831332400664574145e+00 4.500000000000000711e+01
2.329837345868497067e+01 -3.516672797847956389e+00 4.499999999999997158e+01
2.427269798176983073e+01 -3.251494163888486888e+00 4.500000000000000711e+01
2.526959501254718887e+01 -3.093078102585914646e+00 4.499999999999997868e+01
2.627128604871117190e+01 -2.999125431498330663e+00 4.500000000000001421e+01
2.727805075795713918e+01 -2.938604557034570242e+00 4.500000000000000000e+01
2.828624230712114240e+01 -2.955153025595579575e+00 4.500000000000000000e+01
2.929323795202647318e+01 -3.004373873645299398e+00 4.500000000000000711e+01
3.029629521059824171e+01 -3.114023573359843144e+00 4.500000000000009237e+01
3.128960146282549815e+01 -3.294473040354923832e+00 4.499999999999992895e+01
3.226209233497517204e+01 -3.556633100934603497e+00 4.499999999999999289e+01
3.320828588716091190e+01 -3.893435635103601467e+00 4.500000000000000711e+01
3.409392051354661390e+01 -4.370566120434507873e+00 4.500000000000000711e+01
3.491938002722141476e+01 -4.942727185970628767e+00 4.500000000000000000e+01
3.559491935499036686e+01 -5.687813696637596728e+00 4.500000000000000711e+01
3.620191053133087422e+01 -6.486532335177106035e+00 4.500000000000000000e+01
3.665997797304785877e+01 -7.382317035650047821e+00 4.499999999999997868e+01
3.698931064322190565e+01 -8.336193964071297202e+00 4.499999999999997868e+01
3.731020359311383316e+01 -9.290883068390723309e+00 4.500000000000000711e+01
3.755847415929012101e+01 -1.026658411123942827e+01 4.500000000000000000e+01
3.774511587796705214e+01 -1.125608670823566193e+01 4.500000000000000000e+01
3.788672594764251045e+01 -1.225342457772347693e+01 4.500000000000000000e+01
3.800746999379816771e+01 -1.325347995256123923e+01 4.500000000000000000e+01
3.812541663429493610e+01 -1.425381986847292204e+01 4.500000000000000711e+01
3.823067978896040842e+01 -1.525603078344249930e+01 4.500000000000002132e+01
3.831763042458325685e+01 -1.626045268883053652e+01 4.499999999999997868e+01
3.838479504888402261e+01 -1.726674270331621130e+01 4.500000000000000000e+01
3.844297202472220221e+01 -1.827371496577651300e+01 4.500000000000000711e+01
3.849909256133536672e+01 -1.928060194264617877e+01 4.499999999999998579e+01
3.853938690131747080e+01 -2.028804307768517745e+01 4.500000000000000711e+01
3.857345983119147093e+01 -2.129570602079825292e+01 4.500000000000001421e+01
3.860642730614270590e+01 -2.230347706386679718e+01 4.500000000000000711e+01
3.863922857694698365e+01 -2.331136226313610038e+01 4.500000000000000000e+01
3.866171093248652824e+01 -2.431948485097432666e+01 4.499999999999998579e+01
3.867542494940330045e+01 -2.532774417116742427e+01 4.500000000000003553e+01
3.868059198651260289e+01 -2.633609101481672710e+01 4.499999999999998579e+01
3.869748673036407638e+01 -2.734438187174300694e+01 4.500000000000000000e+01
