3.869757344426462708e+01 -2.734429237046985861e+01 -4.500000000000000000e+01
3.869958096587170360e+01 -2.835268629971542964e+01 -4.500000000000000711e+01
3.870091251922120534e+01 -2.936108100365942164e+01 -4.499999999999999289e+01
3.869590395010057904e+01 -3.036946700511156649e+01 -4.500000000000000000e+01
3.869054890318304274e+01 -3.137783669470990588e+01 -4.499999999999998579e+01
3.868151391952441998e+01 -3.238618839814176198e+01 -4.499999999999999289e+01
3.866512479403186830e+01 -3.339445248130976296e+01 -4.500000000000002132e+01
3.865513231265511251e+01 -3.440275987689002335e+01 -4.499999999999997868e+01
3.863026120855947454e+01 -3.541089746529040383e+01 -4.500000000000000000e+01
3.861178589029458408e+01 -3.641905996563449577e+01 -4.500000000000001421e+01
3.859205218899107592e+01 -3.742720651356320616e+01 -4.499999999999998579e+01
3.855623379690019448e+01 -3.843507165475203635e+01 -4.500000000000000711e+01
3.853541441337175399e+01 -3.944313135943725257e+01 -4.499999999999996447e+01
3.849564687874097757e+01 -4.045085085677608561e+01 -4.499999999999998579e+01
3.846848009020888526e+01 -4.145873639859618720e+01 -4.500000000000002132e+01
3.842128245845936618e+01 -4.246627858295146041e+01 -4.499999999999999289e+01
3.838090628327277898e+01 -4.347422940515617995e+01 -4.499999999999998579e+01
3.830542902456193133e+01 -4.447962290193253665e+01 -4.500000000000003553e+01
3.824287661264017402e+01 -4.548582530269258228e+01 -4.500000000000000000e+01
3.816766903898619745e+01 -4.649169786436095819e+01 -4.500000000000000000e+01
3.804719082423769549e+01 -4.749166606632130083e+01 -4.500000000000000000e+01
3.796627730508876652e+01 -4.849754933819609448e+01 -4.500000000000000000e+01
3.778412635017494381e+01 -4.948855485987343172e+01 -4.500000000000000711e+01
3.764973669674018453e+01 -5.048635160032063851e+01 -4.500000000000000711e+01
3.739786972913872631e+01 -5.146307443372935353e+01 -4.500000000000000000e+01
3.718766713567205784e+01 -5.244518148844986882e+01 -4.500000000000002842e+01
3.682357657351133184e+01 -5.339068573556007635e+01 -4.499999999999999289e+01
3.628658908348561596e+01 -5.424279752488603634e+01 -4.500000000000000000e+01
3.577353384081670384e+01 -5.511028373465574504e+01 -4.499999999999998579e+01
3.504433391727154401e+01 -5.580040809912210165e+01 -4.500000000000000000e+01
3.418963064407645902e+01 -5.633738122519206115e+01 -4.500000000000000000e+01
3.333268303324488357e+01 -5.686229346912254812e+01 -4.499999999999999289e+01
3.239037685518322007e+01 -5.722581939578455490e+01 -4.500000000000000000e+01
3.140315932480548611e+01 -5.742266971505545570e+01 -4.499999999999998579e+01
3.043281222869275737e+01 -5.769250067522665404e+01 -4.500000000000000711e+01
2.943340523835758660e+01 -5.782905825603067740e+01 -4.500000000000000000e+01
2.844072487277641770e+01 -5.799173488671160470e+01 -4.500000000000000711e+01
2.744000951417215362e+01 -5.811530315721183371e+01 -4.500000000000000711e+01
2.643444215059169267e+01 -5.819154640753345120e+01 -4.500000000000000000e+01
2.543181866355233112e+01 -5.829376076399238826e+01 -4.499999999999998579e+01
2.442389347361346097e+01 -5.834473591424440286e+01 -4.499999999999998579e+01
2.341731394858799220e+01 -5.840759538089874781e+01 -4.500000000000001421e+01
2.241003841005042219e+01 -5.844410600382935428e+01 -4.499999999999998579e+01
2.140280792692591660e+01 -5.849851604365980506e+01 -4.500000000000004263e+01
2.039494080530485220e+01 -5.852632309375891140e+01 -4.499999999999997868e+01
1.938712428766781315e+01 -5.855737413294212956e+01 -4.499999999999998579e+01
1.837937532766085980e+01 -5.859616767361806922e+01 -4.499999999999998579e+01
1.737127885248560943e+01 -5.861499855204669984e+01 -4.500000000000001421e+01
1.636335714955141540e+01 -5.864568835477083297e+01 -4.499999999999999289e+01
1.535534987577913490e+01 -5.867262376291017034e+01 -4.500000000000001421e+01
1.434717531128519852e+01 -5.868814074840852868e+01 -4.499999999999999289e+01
1.333920356558098419e+01 -5.871891354674721697e+01 -4.499999999999998579e+01
1.233104258604636350e+01 -5.873702786441679535e+01 -4.500000000000001421e+01
1.132284418768729850e+01 -5.875219610987338825e+01 -4.500000000000000000e+01
1.031478440953960352e+01 -5.877973975572193410e+01 -4.500000000000000000e+01
9.306518733276007538e+00 -5.879143859959411600e+01 -4.500000000000000000e+01
8.298302015453838720e+00 -5.880736704107781776e+01 -4.500000000000000711e+01
7.290099042388680672e+00 -5.882721355441679378e+01 -4.499999999999999289e+01
6.281767670817396620e+00 -5.883463213618189513e+01 -4.500000000000000000e+01
5.273492306872927138e+00 -5.884913560846741376e+01 -4.499999999999997868e+01
4.265158052741899297e+00 -5.885938781690615684e+01 -4.500000000000000711e+01
3.256789061478182479e+00 -5.886405857992827606e+01 -4.499999999999999289e+01
2.248429980231636538e+00 -5.887274890200612276e+01 -4.500000000000000711e+01
1.240036336296885588e+00 -5.887499112244557864e+01 -4.500000000000000000e+01
2.316436379437587789e-01 -5.887689411960003127e+01 -4.500000000000000711e+01
-7.767532277660778028e-01 -5.887642333280638240e+01 -4.500000000000000000e+01
-1.785142684725174345e+00 -5.887360641468771405e+01 -4.499999999999999289e+01
-2.793534335202859431e+00 -5.887108282231853451e+01 -4.500000000000000000e+01
-3.801885335736385318e+00 -5.886129046095375372e+01 -4.499999999999999289e+01
-4.810244910676962249e+00 -5.885556893304073611e+01 -4.500000000000001421e+01
-5.818584503920757989e+00 -5.884652030110635224e+01 -4.500000000000001421e+01
-6.826843578163269477e+00 -5.883010382132916760e+01 -4.499999999999999289e+01
-7.835166378732268733e+00 -5.882214463155593620e+01 -4.500000000000001421e+01
-8.843404066965343091e+00 -5.880559636085031627e+01 -4.500000000000000711e+01
-9.851585367295808027e+00 -5.878601058617618946e+01 -4.500000000000001421e+01
-1.085986399411758718e+01 -5.877555047085693474e+01 -4.500000000000001421e+01
-1.186798256717981914e+01 -5.875199029917570215e+01 -4.500000000000000711e+01
-1.287611982471639571e+01 -5.873159174679030059e+01 -4.500000000000000000e+01
-1.388434217030854967e+01 -5.871798126437104770e+01 -4.500000000000000000e+01
-1.489234086094097620e+01 -5.868827641911410353e+01 -4.499999999999998579e+01
-1.590043496257758093e+01 -5.866721050896811818e+01 -4.500000000000001421e+01
-1.690857134974065445e+01 -5.864917872585667169e+01 -4.499999999999999289e+01
-1.791640234582716573e+01 -5.861266747523696097e+01 -4.499999999999999289e+01
-1.892438277825075232e+01 -5.858840370286494448e+01 -4.499999999999998579e+01
-1.993233648347993991e+01 -5.856282486978998492e+01 -4.500000000000000711e+01
-2.093979820223179544e+01 -5.851508082580343739e+01 -4.500000000000001421e+01
-2.194745401304312438e+01 -5.848221726984311175e+01 -4.499999999999995737e+01
-2.295490396482658113e+01 -5.844208316959744565e+01 -4.500000000000002132e+01
-2.396165301776639467e+01 -5.838122361037459029e+01 -4.500000000000000000e+01
-2.496838155028583017e+01 -5.832064864132988191e+01 -4.499999999999998579e+01
-2.597321129898869430e+01 -5.824186192030722964e+01 -4.499999999999998579e+01
-2.698023354842640131e+01 -5.817698575145858086e+01 -4.499999999999998579e+01
-2.798162930337334586e+01 -5.806080909890138031e+01 -4.500000000000000711e+01
-2.897897747809552627e+01 -5.792429529950418043e+01 -4.500000000000000000e+01
-2.998063294292820657e+01 -5.780597329175046184e+01 -4.500000000000000000e+01
-3.096597622660591043e+01 -5.759581939656604987e+01 -4.499999999999999289e+01
-3.193216184904124688e+01 -5.732437642216514462e+01 -4.500000000000000711e+01
-3.289446045802446861e+01 -5.704812145480676833e+01 -4.500000000000001421e+01
-3.379908129194598843e+01 -5.659742904753917969e+01 -4.500000000000001421e+01
-3.470014084425827861e+01 -5.614425379890015222e+01 -4.500000000000001421e+01
-3.544245521037716173e+01 -5.546288278061604871e+01 -4.500000000000000000e+01
-3.609456530210197656e+01 -5.469797022895135541e+01 -4.500000000000001421e+01
-3.656627357384817145e+01 -5.382052977508899971e+01 -4.499999999999992895e+01
-3.697317359028118489e+01 -5.289626395507453083e+01 -4.499999999999999289e+01
-3.728346607899488419e+01 -5.194496511431085395e+01 -4.500000000000000000e+01
-3.756816660289125309e+01 -5.097802110988395441e+01 -4.499999999999997868e+01
-3.772643650375567148e+01 -4.998266085922512758e+01 -4.500000000000000000e+01
-3.787441589721129276e+01 -4.898755480187062261e+01 -4.500000000000000000e+01
-3.801950270944538346e+01 -4.799029673141170349e+01 -4.500000000000000711e+01
-3.809873759688153427e+01 -4.698453885817853148e+01 -4.500000000000001421e+01
-3.818794156471218315e+01 -4.598083517523495800e+01 -4.499999999999999289e+01
-3.827165817128137348e+01 -4.497609631139332720e+01 -4.499999999999999289e+01
-3.831732389439005004e+01 -4.396829155420908819e+01 -4.499999999999999289e+01
-3.837947136349809796e+01 -4.296209576507467887e+01 -4.500000000000008527e+01
-3.842760334506893116e+01 -4.195478535481883142e+01 -4.499999999999997158e+01
-3.847549199288540933e+01 -4.094727512043535000e+01 -4.500000000000001421e+01
-3.850436572405165236e+01 -3.993948839283491736e+01 -4.499999999999997158e+01
-3.853977660546587458e+01 -3.893176009842515128e+01 -4.499999999999999289e+01
-3.857676955948901565e+01 -3.792396546924758383e+01 -4.499999999999997158e+01
-3.859577914590469305e+01 -3.691585873066934909e+01 -4.500000000000003553e+01
-3.862696510086463064e+01 -3.590789916693628925e+01 -4.500000000000000000e+01
-3.864654709627539120e+01 -3.489972466139031582e+01 -4.499999999999999289e+01
-3.866037251430420696e+01 -3.389148292193456058e+01 -4.500000000000000000e+01
-3.868142076846979194e+01 -3.288327107971194607e+01 -4.500000000000000000e+01
-3.868890624579748305e+01 -3.187491981985237999e+01 -4.500000000000000711e+01
-3.869812267386354421e+01 -3.086657760246385251e+01 -4.499999999999999289e+01
-3.870334102444825675e+01 -2.985819326350087977e+01 -4.500000000000000000e+01
-3.870384649043850800e+01 -2.884980083347577562e+01 -4.500000000000000000e+01
-3.870194297181050302e+01 -2.784140551339519476e+01 -4.499999999999998579e+01
-3.869341365204039107e+01 -2.683305171332344941e+01 -4.500000000000000000e+01
-3.868698987148469115e+01 -2.582469056044502054e+01 -4.500000000000000000e+01
-3.867136577430041200e+01 -2.481641903201156296e+01 -4.499999999999999289e+01
-3.864832556792124763e+01 -2.380828462100343756e+01 -4.500000000000000000e+01
-3.862567157095438830e+01 -2.280021283874561533e+01 -4.500000000000001421e+01
-3.860173803092305889e+01 -2.179220431722154672e+01 -4.499999999999999289e+01
-3.857016822291534197e+01 -2.078437835465766881e+01 -4.500000000000000711e+01
-3.852196118535778879e+01 -1.977700716841247086e+01 -4.499999999999998579e+01
-3.847180732853063034e+01 -1.876986016408413249e+01 -4.499999999999991473e+01
-3.842428678594330194e+01 -1.776260775691684657e+01 -4.500000000000000000e+01
-3.834845092267590161e+01 -1.675743569921858267e+01 -4.499999999999997158e+01
-3.827411019778203638e+01 -1.575199018331926482e+01 -4.500000000000000000e+01
-3.819730113509611868e+01 -1.474617825183049469e+01 -4.500000000000000000e+01
-3.808237607159027505e+01 -1.374481338952509546e+01 -4.499999999999997868e+01
-3.793674955109389657e+01 -1.274826803348189763e+01 -4.500000000000000711e+01
-3.779691826337013794e+01 -1.175121631286684298e+01 -4.499999999999999289e+01
-3.764324307007350967e+01 -1.075550791343103718e+01 -4.500000000000000711e+01
-3.740745554728432154e+01 -9.775806743950999689e+00 -4.500000000000000000e+01
-3.714177763480854111e+01 -8.805578333065806618e+00 -4.500000000000001421e+01
-3.684948075868970818e+01 -7.842148574269749872e+00 -4.500000000000000711e+01
-3.642396978759995108e+01 -6.928972591783354673e+00 -4.499999999999997158e+01
-3.586088193166114735e+01 -6.092305734926629412e+00 -4.500000000000000711e+01
-3.527126622996690486e+01 -5.280251285632502345e+00 -4.499999999999999289e+01
-3.449593499472382518e+01 -4.636484164203138469e+00 -4.499999999999999289e+01
-3.364476394432030304e+01 -4.097018518853541735e+00 -4.500000000000000000e+01
-3.270053428015867780e+01 -3.739254220985379629e+00 -4.499999999999999289e+01
-3.176125460020763569e+01 -3.388457242933475833e+00 -4.500000000000006395e+01
-3.076919025567960375e+01 -3.189383672566963313e+00 -4.500000000000004263e+01
-2.976969828921628292e+01 -3.052850768905904122e+00 -4.500000000000006395e+01
-2.876623580893494392e+01 -2.969631268120261680e+00 -4.500000000000000000e+01
-2.775816510285166316e+01 -2.932183904440358369e+00 -4.500000000000000000e+01
-2.675059335014755391e+01 -2.961789179158522689e+00 -4.499999999999999289e+01
-2.574453301877102618e+01 -3.029535568155096836e+00 -4.500000000000000000e+01
-2.474796983572545983e+01 -3.183580772545276716e+00 -4.499999999999999289e+01
-2.375697394099158188e+01 -3.373580794887499401e+00 -4.499999999999998579e+01
-2.279815829121553605e+01 -3.680514780980009615e+00 -4.499999999999999289e+01
-2.187556998534542529e+01 -4.077674245843565082e+00 -4.499999999999999289e+01
-2.101843433358728674e+01 -4.611562421777967380e+00 -4.500000000000008527e+01
-2.022692418908928502e+01 -5.227612099076370811e+00 -4.499999999999997868e+01
-1.953579704024954822e+01 -5.962060108087597676e+00 -4.499999999999998579e+01
-1.890752916046137244e+01 -6.745126237222570431e+00 -4.499999999999998579e+01
-1.830509563500937986e+01 -7.549394708136516918e+00 -4.500000000000000711e+01
-1.778478687328478003e+01 -8.412406553246396967e+00 -4.499999999999998579e+01
-1.721269213888094640e+01 -9.243902786633052315e+00 -4.499999999999999289e+01
-1.664313483299229190e+01 -1.007359309098301026e+01 -4.499999999999999289e+01
-1.609420607730237052e+01 -1.091882122994265636e+01 -4.500000000000000000e+01
-1.548205604376110145e+01 -1.172148041743138336e+01 -4.499999999999997158e+01
-1.484547171585933079e+01 -1.250196116816435143e+01 -4.499999999999998579e+01
-1.419621708369629687e+01 -1.327361851126410208e+01 -4.499999999999999289e+01
-1.348556960338303412e+01 -1.398878450395861250e+01 -4.500000000000000000e+01
-1.275933558803771639e+01 -1.468817494817783498e+01 -4.499999999999997868e+01
-1.197870190201892981e+01 -1.532620018462093725e+01 -4.499999999999999289e+01
-1.117440802403612210e+01 -1.593418963629378204e+01 -4.499999999999998579e+01
-1.032834689547311946e+01 -1.648205914693221885e+01 -4.499999999999999289e+01
-9.455751864155468311e+00 -1.698684698854745534e+01 -4.500000000000000711e+01
-8.553765177851362367e+00 -1.743716797259214957e+01 -4.500000000000000711e+01
-7.628328479128311912e+00 -1.783725034821124567e+01 -4.500000000000000000e+01
-6.680889585715887868e+00 -1.818258052660379320e+01 -4.500000000000000000e+01
-5.717393664040648638e+00 -1.848043861283360556e+01 -4.500000000000000000e+01
-4.737962568709239264e+00 -1.871987845343506507e+01 -4.500000000000000000e+01
-3.749067994362137224e+00 -1.891658756895759552e+01 -4.499999999999999289e+01
-2.751313683137190935e+00 -1.906430771670940771e+01 -4.500000000000000000e+01
-1.747878407906604314e+00 -1.916058770295617109e+01 -4.500000000000000711e+01
-7.418006524881988195e-01 -1.922788044233640292e+01 -4.499999999999998579e+01
2.669956745905847639e-01 -1.923698030675596016e+01 -4.500000000000000000e+01
1.273716694788254333e+00 -1.919729977343720506e+01 -4.499999999999999289e+01
2.280453990073894488e+00 -1.913574713834301377e+01 -4.499999999999998579e+01
3.278927088767491060e+00 -1.899501849855930047e+01 -4.500000000000000711e+01
4.274537674109335050e+00 -1.884173001025559557e+01 -4.500000000000002132e+01
5.258527825468087613e+00 -1.861833336083713419e+01 -4.500000000000002132e+01
6.230588447583358835e+00 -1.835213993706881652e+01 -4.500000000000000000e+01
7.186800518120866066e+00 -1.803391555417822900e+01 -4.500000000000001421e+01
8.117001908023873114e+00 -1.764368652606315990e+01 -4.500000000000000000e+01
9.039279146259636022e+00 -1.723785520672437599e+01 -4.500000000000000711e+01
9.922477270870539101e+00 -1.675087304504471319e+01 -4.500000000000000000e+01
1.078310891089083512e+01 -1.622457238626902765e+01 -4.500000000000000000e+01
1.160366834450890394e+01 -1.563903843422289164e+01 -4.500000000000000000e+01
1.239581212544632116e+01 -1.501363988455281273e+01 -4.499999999999998579e+01
1.314143155585013467e+01 -1.433596967057821558e+01 -4.499999999999997158e+01
1.386049373391676198e+01 -1.362797915604063093e+01 -4.500000000000000000e+01
1.453011237974576275e+01 -1.287559530915298645e+01 -4.499999999999998579e+01
1.518198874798872744e+01 -1.210574338841179731e+01 -4.500000000000000000e+01
1.578758249814701209e+01 -1.129952085527246730e+01 -4.499999999999999289e+01
1.636299387561400565e+01 -1.047223327026375728e+01 -4.500000000000000711e+01
1.693749545411201041e+01 -9.643792903629144320e+00 -4.500000000000000000e+01
1.750025260274563976e+01 -8.807054416282765530e+00 -4.500000000000000000e+01
1.802250841705255269e+01 -7.944411792297104924e+00 -4.499999999999999289e+01
1.861203556750691490e+01 -7.127310699618971235e+00 -4.500000000000000711e+01
1.920144851626335836e+01 -6.304016756655077103e+00 -4.499999999999999289e+01
1.988044975679716231e+01 -5.561808903555240491e+00 -4.499999999999998579e+01
2.061456903405780849e+01 -4.861235877854888088e+00 -4.499999999999990052e+01
2.145064031216143263e+01 -4.303452464768201757e+00 -4.500000000000007105e+01
2.234514922267841897e+01 -3.831130548692525117e+00 -4.500000000000007105e+01
2.329833977771295395e+01 -3.516469586517152468e+00 -4.499999999999994316e+01
2.427267640593307263e+01 -3.251312226229417846e+00 -4.500000000000001421e+01
2.526958006882447805e+01 -3.092885000067360668e+00 -4.500000000000000000e+01
2.627127682463384772e+01 -2.998952885100657717e+00 -4.499999999999999289e+01
2.727804779196828733e+01 -2.938436000040710816e+00 -4.499999999999999289e+01
2.828624513166990084e+01 -2.954985980335032458e+00 -4.500000000000000000e+01
2.929324658127189807e+01 -3.004206141070370428e+00 -4.499999999999998579e+01
3.029630957848799966e+01 -3.113857053014320364e+00 -4.499999999999988631e+01
3.128961832054775272e+01 -3.294318256494372932e+00 -4.500000000000008527e+01
3.226212206692033391e+01 -3.556452743783175663e+00 -4.500000000000002842e+01
3.320832982413205059e+01 -3.893237725826435458e+00 -4.500000000000000000e+01
3.409399202840265986e+01 -4.370331554368216409e+00 -4.500000000000000000e+01
3.491944595442934940e+01 -4.942518740297356494e+00 -4.499999999999999289e+01
3.559502305105266373e+01 -5.687578116856627730e+00 -4.500000000000001421e+01
3.620200683765456517e+01 -6.486313266926525323e+00 -4.500000000000000711e+01
3.666005998515000641e+01 -7.382114376030786573e+00 -4.500000000000000711e+01
3.698941479550274636e+01 -8.335987552557636349e+00 -4.500000000000002842e+01
3.731031290887416674e+01 -9.290681879007188115e+00 -4.499999999999999289e+01
3.755856969284858593e+01 -1.026639221495961252e+01 -4.500000000000000711e+01
3.774519826512678833e+01 -1.125590318418004543e+01 -4.500000000000000000e+01
3.788680283441706820e+01 -1.225324767201406040e+01 -4.500000000000001421e+01
3.800755651355400744e+01 -1.325330740538605667e+01 -4.500000000000000000e+01
3.812550976290562232e+01 -1.425365249769511244e+01 -4.499999999999998579e+01
3.823077212589359419e+01 -1.525586963315021194e+01 -4.500000000000000711e+01
3.831771877782512092e+01 -1.626029805135313566e+01 -4.500000000000003553e+01
3.838487699132167563e+01 -1.726659472562247544e+01 -4.499999999999996447e+01
3.844307685937685903e+01 -1.827357190621643923e+01 -4.500000000000004263e+01
3.849918006351477118e+01 -1.928046520003440989e+01 -4.499999999999996447e+01
3.853947255686485818e+01 -2.028791224615890343e+01 -4.499999999999995026e+01
3.857354597205390689e+01 -2.129558105756833086e+01 -4.500000000000002842e+01
3.860651552085394655e+01 -2.230335795600804261e+01 -4.500000000000000000e+01
3.863931761871674553e+01 -2.331124905127371605e+01 -4.500000000000000711e+01
3.866179789626814056e+01 -2.431937758181040010e+01 -4.500000000000001421e+01
3.867551113826825571e+01 -2.532764282731043437e+01 -4.499999999999999289e+01
3.868068074619748842e+01 -2.633599557269319646e+01 -4.500000000000002132e+01
3.869757344426462708e+01 -2.734429237046985861e+01 -4.500000000000000000e+01
