2.396790945772830739e+01 5.838095092773436789e+01 4.500000000000000000e+01
2.296129531825663861e+01 5.844643169136102046e+01 4.500000000000000711e+01
2.195372139434019587e+01 5.848233276764376853e+01 4.500000000000002842e+01
2.094605637907810092e+01 5.851485530937931401e+01 4.499999999999997868e+01
1.993859746976792024e+01 5.856263793419518038e+01 4.500000000000000711e+01
1.893064378392050173e+01 5.858806329846541416e+01 4.500000000000000000e+01
1.792266929269734277e+01 5.861252873992950896e+01 4.499999999999997868e+01
1.691483986623274305e+01 5.864899929086627139e+01 4.499999999999998579e+01
1.590670450866981867e+01 5.866693095346896314e+01 4.500000000000000711e+01
1.489861581813125468e+01 5.868821326081110357e+01 4.500000000000000000e+01
1.389061773055749960e+01 5.871779774529851181e+01 4.500000000000000711e+01
1.288239711593372228e+01 5.873135566650951489e+01 4.499999999999999289e+01
1.187426490497292519e+01 5.875197396644200154e+01 4.499999999999998579e+01
1.086614653581760592e+01 5.877536373869966013e+01 4.499999999999997158e+01
9.857870338088478235e+00 5.878582352026693769e+01 4.500000000000001421e+01
8.849693224185424256e+00 5.880558799483382160e+01 4.500000000000000000e+01
7.841456162909138605e+00 5.882197105738602261e+01 4.500000000000000711e+01
6.833136270747500518e+00 5.882997902839984050e+01 4.499999999999999289e+01
5.824880255170465482e+00 5.884649735322958719e+01 4.500000000000000000e+01
4.816542208103468781e+00 5.885543590534393843e+01 4.500000000000000000e+01
3.808185472709604280e+00 5.886123015479625309e+01 4.500000000000001421e+01
2.799836783351580927e+00 5.887104232168050544e+01 4.499999999999999289e+01
1.791447372640400770e+00 5.887354038111884336e+01 4.500000000000000000e+01
7.830602981664465112e-01 5.887640510662265569e+01 4.500000000000000711e+01
-2.253343202535353085e-01 5.887686378854133551e+01 4.500000000000000000e+01
-1.233724843273737104e+00 5.887500268088561484e+01 4.499999999999999289e+01
-2.242116184868817808e+00 5.887273037385953955e+01 4.500000000000000000e+01
-3.250473156530482299e+00 5.886408110287985807e+01 4.500000000000000000e+01
-4.258840344109275478e+00 5.885946178469858125e+01 4.500000000000000711e+01
-5.267171605831803660e+00 5.884909816196770294e+01 4.500000000000000000e+01
-6.275445799062025820e+00 5.883472982234835058e+01 4.500000000000001421e+01
-7.283775145314036692e+00 5.882731120102667433e+01 4.499999999999999289e+01
-8.291974569416966645e+00 5.880733966073535157e+01 4.499999999999999289e+01
-9.300191201751584202e+00 5.879160291434536134e+01 4.500000000000000711e+01
-1.030845373806529075e+01 5.877981340249087339e+01 4.500000000000001421e+01
-1.131651095750660474e+01 5.875224910380047305e+01 4.500000000000000000e+01
-1.232470912567137944e+01 5.873722892833596632e+01 4.500000000000000000e+01
-1.333286538093288343e+01 5.871892288963987028e+01 4.499999999999998579e+01
-1.434083665361578852e+01 5.868828202006974948e+01 4.500000000000000000e+01
-1.534901007407436246e+01 5.867283193030628752e+01 4.499999999999997868e+01
-1.635701137771221525e+01 5.864564180943280292e+01 4.500000000000000000e+01
-1.736493489757949149e+01 5.861521746010060951e+01 4.500000000000002842e+01
-1.837302914754070571e+01 5.859636735737705493e+01 4.499999999999998579e+01
-1.938077290550633691e+01 5.855740157670722112e+01 4.499999999999999289e+01
-2.038859253413131256e+01 5.852663014219979232e+01 4.499999999999999289e+01
-2.139645562257874900e+01 5.849869309819175811e+01 4.500000000000001421e+01
-2.240368435253996182e+01 5.844431311276338192e+01 4.500000000000004263e+01
-2.341096442614000139e+01 5.840797941723567277e+01 4.499999999999995737e+01
-2.441756451402083883e+01 5.834534773294022614e+01 4.499999999999998579e+01
-2.542545955235288346e+01 5.829405996193606398e+01 4.499999999999999289e+01
-2.642807501447659746e+01 5.819188561688148553e+01 4.500000000000000000e+01
-2.743372886737521554e+01 5.811627880618243580e+01 4.500000000000000000e+01
-2.843434884571896504e+01 5.799210907027084971e+01 4.500000000000002132e+01
-2.942719469708832136e+01 5.783047633067557314e+01 4.500000000000000000e+01
-3.042651999669464757e+01 5.769339463099643694e+01 4.499999999999999289e+01
-3.139700482537952553e+01 5.742431334916523156e+01 4.500000000000000711e+01
-3.238425388490770018e+01 5.722746457214722682e+01 4.499999999999997158e+01
-3.332679044870118901e+01 5.686480960503860160e+01 4.499999999999995737e+01
-3.418436050659327208e+01 5.634094878596147282e+01 4.500000000000000711e+01
-3.503902655372908725e+01 5.580387578625611411e+01 4.500000000000001421e+01
-3.576973249414288603e+01 5.511532981886598037e+01 4.500000000000000000e+01
-3.628336113693308818e+01 5.424824497093004538e+01 4.499999999999998579e+01
-3.682113267439027737e+01 5.339651931750420744e+01 4.500000000000000711e+01
-3.718557741568245234e+01 5.245113368478001092e+01 4.499999999999997868e+01
-3.739685341458628898e+01 5.146929877116917851e+01 4.500000000000000000e+01
-3.764812216986160820e+01 5.049244151917249468e+01 4.499999999999997868e+01
-3.778334446421165893e+01 4.949481769630283878e+01 4.500000000000001421e+01
-3.796547928796223914e+01 4.850379345960544697e+01 4.499999999999999289e+01
-3.804634491008243913e+01 4.749791802511394678e+01 4.500000000000002842e+01
-3.816731713632128731e+01 4.649800338053083237e+01 4.499999999999999289e+01
-3.824198390890804689e+01 4.549207590313858418e+01 4.500000000000000000e+01
-3.830518887111129089e+01 4.448594150202699637e+01 4.500000000000001421e+01
-3.838071298014669708e+01 4.348058469377447466e+01 4.499999999999999289e+01
-3.842192988588293190e+01 4.247278173307859817e+01 4.499999999999998579e+01
-3.846707229391650174e+01 4.146482577741330999e+01 4.500000000000000711e+01
-3.849555418525200423e+01 4.045716921622738482e+01 4.500000000000000000e+01
-3.853509005038083046e+01 3.944944717440294113e+01 4.499999999999997868e+01
-3.855598040138901439e+01 3.844139267216640121e+01 4.500000000000001421e+01
-3.859192731097343909e+01 3.743353167002869952e+01 4.500000000000001421e+01
-3.861151222723839993e+01 3.642538567718291631e+01 4.500000000000000711e+01
-3.863016033525272519e+01 3.541722777230945240e+01 4.499999999999998579e+01
-3.865494958692035254e+01 3.440909151279490175e+01 4.499999999999997158e+01
-3.866495173040267730e+01 3.340078681100936109e+01 4.500000000000001421e+01
-3.868146958740150154e+01 3.239252597534668610e+01 4.500000000000000711e+01
-3.869041113397113207e+01 3.138417604441428566e+01 4.500000000000000000e+01
-3.869583524059365942e+01 3.037580906939124148e+01 4.500000000000000711e+01
-3.870083595616586081e+01 2.936742532465176225e+01 4.500000000000000711e+01
-3.869927048065552100e+01 2.835903413721992194e+01 4.500000000000000711e+01
-3.869754129463974834e+01 2.735064111669463571e+01 4.499999999999999289e+01
-3.868592724237331026e+01 2.634230691454088813e+01 4.500000000000000000e+01
-3.867597708140180401e+01 2.533399208624392784e+01 4.500000000000000711e+01
-3.866191310624763133e+01 2.432573123188873154e+01 4.499999999999998579e+01
-3.863928218691558669e+01 2.331760663040116910e+01 4.500000000000000000e+01
-3.860657744666036706e+01 2.230971639917798655e+01 4.500000000000000711e+01
-3.857380263474795612e+01 2.130193763020026054e+01 4.500000000000001421e+01
-3.853983758349388467e+01 2.029426746337420084e+01 4.500000000000000711e+01
-3.849951701848888064e+01 1.928682175477597127e+01 4.500000000000003553e+01
-3.844341242706160244e+01 1.827992828504128653e+01 4.499999999999995026e+01
-3.838542579282287193e+01 1.727293241088002418e+01 4.499999999999997868e+01
-3.831806681759394451e+01 1.626665927303645276e+01 4.500000000000001421e+01
-3.823101680112873169e+01 1.526224898790249185e+01 4.499999999999998579e+01
-3.812584939658043481e+01 1.426002965465431416e+01 4.500000000000000711e+01
-3.800835553417947210e+01 1.325962792811315971e+01 4.500000000000000000e+01
-3.788819982502169381e+01 1.225946964895851465e+01 4.500000000000001421e+01
-3.774656584491440725e+01 1.126211605070203525e+01 4.500000000000000711e+01
-3.755959720562464099e+01 1.027266592912800292e+01 4.500000000000000000e+01
-3.731111251696982833e+01 9.297021386481029381e+00 4.500000000000000000e+01
-3.699092399569326517e+01 8.342173621955414120e+00 4.500000000000001421e+01
-3.666232550632731346e+01 7.388021079143293868e+00 4.499999999999999289e+01
-3.620451242945274828e+01 6.492156567623615260e+00 4.500000000000000711e+01
-3.559803453349519486e+01 5.693236299609603535e+00 4.499999999999999289e+01
-3.492372284575588992e+01 4.947115644449934457e+00 4.500000000000000000e+01
-3.409871404137498985e+01 4.374604171271908370e+00 4.500000000000000711e+01
-3.321379539605069198e+01 3.896317097326325474e+00 4.500000000000000711e+01
-3.226811740658661165e+01 3.558386769679281691e+00 4.499999999999999289e+01
-3.129502550105208414e+01 3.298970548068522746e+00 4.499999999999987210e+01
-3.030335704511658790e+01 3.110822726026180707e+00 4.500000000000015632e+01
-2.929952780417775671e+01 3.004614465556154634e+00 4.500000000000002132e+01
-2.829252855802341315e+01 2.955136552457223065e+00 4.499999999999999289e+01
-2.728430209355397196e+01 2.938367872264889158e+00 4.500000000000000000e+01
-2.627753681495903848e+01 2.998718909989211312e+00 4.500000000000000000e+01
-2.527576076651853398e+01 3.091924339666628718e+00 4.500000000000001421e+01
-2.427864362344082849e+01 3.249513536036226391e+00 4.500000000000000711e+01
-2.330444300774625788e+01 3.515096785514799205e+00 4.500000000000001421e+01
-2.235085874004860784e+01 3.828653140178301495e+00 4.499999999999994316e+01
-2.145612458845944204e+01 4.300442842296082979e+00 4.499999999999992184e+01
-2.061935406782372482e+01 4.857263640571948926e+00 4.500000000000007105e+01
-1.988496262646847867e+01 5.557484946528173708e+00 4.499999999999998579e+01
-1.920520072470840844e+01 6.299070994198685547e+00 4.500000000000002132e+01
-1.861584419063851570e+01 7.122385826693771627e+00 4.499999999999999289e+01
-1.802577466806581441e+01 7.939148074927263821e+00 4.500000000000000711e+01
-1.750360953225397864e+01 8.801833193988651161e+00 4.499999999999999289e+01
-1.694118061533243846e+01 9.638790544259132176e+00 4.499999999999999289e+01
-1.636630138360069253e+01 1.046697419416125818e+01 4.499999999999999289e+01
-1.579135330443730290e+01 1.129457207867901580e+01 4.500000000000001421e+01
-1.518602509422703406e+01 1.210101675947265853e+01 4.500000000000000000e+01
-1.453407235802104047e+01 1.287079278024071805e+01 4.500000000000001421e+01
-1.386490761909258396e+01 1.362358722223823371e+01 4.499999999999998579e+01
-1.314586951065262177e+01 1.433159583328186848e+01 4.500000000000000711e+01
-1.240064451701972814e+01 1.500969580123856773e+01 4.500000000000000000e+01
-1.160862061294260172e+01 1.563524377401730625e+01 4.500000000000000000e+01
-1.078835346890751978e+01 1.622118073266465998e+01 4.500000000000000000e+01
-9.927890901963140280e+00 1.674775915665341230e+01 4.499999999999999289e+01
-9.044841801043171259e+00 1.723499814963850696e+01 4.500000000000000000e+01
-8.122836698077446016e+00 1.764142921053194968e+01 4.500000000000000711e+01
-7.192596268226920664e+00 1.803157940817559890e+01 4.499999999999999289e+01
-6.236586428548501537e+00 1.835031683770836608e+01 4.499999999999999289e+01
-5.264683345347889620e+00 1.861716110873221908e+01 4.499999999999998579e+01
-4.280652900589799970e+00 1.884038754544002714e+01 4.500000000000000711e+01
-3.285151227219694992e+00 1.899424182795486260e+01 4.500000000000000000e+01
-2.286686240481716759e+00 1.913514886069867416e+01 4.500000000000000000e+01
-1.279974853149503211e+00 1.919682809326918971e+01 4.500000000000000000e+01
-2.732716320401465948e-01 1.923707725910013977e+01 4.500000000000002842e+01
7.355298049904472890e-01 1.922799343264355798e+01 4.500000000000000000e+01
1.741614265601849176e+00 1.916106802105326068e+01 4.499999999999999289e+01
2.745091957810049443e+00 1.906517836251968490e+01 4.499999999999999289e+01
3.742868842152355047e+00 1.891760493205566362e+01 4.500000000000000000e+01
4.731828106441054338e+00 1.872125303049331535e+01 4.500000000000000711e+01
5.711370186329094878e+00 1.848224404514608210e+01 4.500000000000000000e+01
6.674914943024527147e+00 1.818454842491620127e+01 4.499999999999999289e+01
7.622478565930970618e+00 1.783957659279016283e+01 4.500000000000000000e+01
8.548021382233125465e+00 1.743976145383460974e+01 4.500000000000000000e+01
9.450184302789550017e+00 1.698980851308150974e+01 4.500000000000000000e+01
1.032294894048332878e+01 1.648532952808668028e+01 4.499999999999999289e+01
1.116927946224595303e+01 1.593788171119032171e+01 4.500000000000000000e+01
1.197374229862468376e+01 1.533011940631754122e+01 4.500000000000000711e+01
1.275465900938873176e+01 1.469244040662312933e+01 4.500000000000000711e+01
1.348107543508604955e+01 1.399324577268980541e+01 4.500000000000000000e+01
1.419208082595491582e+01 1.327842315890659286e+01 4.500000000000000711e+01
1.484140507075378146e+01 1.250683027453833773e+01 4.500000000000000000e+01
1.547850029249016579e+01 1.172675367257804169e+01 4.500000000000001421e+01
1.609058089972606354e+01 1.092402605732281273e+01 4.500000000000001421e+01
1.663968681064167399e+01 1.007894073240344035e+01 4.500000000000002132e+01
1.720978899222003733e+01 9.249591509728059435e+00 4.500000000000000000e+01
1.778137737399632456e+01 8.417754025326104284e+00 4.499999999999998579e+01
1.830175690192880467e+01 7.554814214727360699e+00 4.499999999999998579e+01
1.890452982107580127e+01 6.750785966604803789e+00 4.500000000000000711e+01
1.953153159142305384e+01 5.966824896401453415e+00 4.500000000000001421e+01
2.022286261763236936e+01 5.232536285130264808e+00 4.499999999999997158e+01
2.101313721916209687e+01 4.615130340966844713e+00 4.500000000000008527e+01
2.187029966492159971e+01 4.081222461035638460e+00 4.500000000000002842e+01
2.279223374902494825e+01 3.682786407869800716e+00 4.500000000000000711e+01
2.375082228049391020e+01 3.375090556815110165e+00 4.499999999999999289e+01
2.474170832726908387e+01 3.184467376774795078e+00 4.499999999999998579e+01
2.573825620318168816e+01 3.030246989045486394e+00 4.500000000000000000e+01
2.674428820102254889e+01 2.962180401292816345e+00 4.500000000000001421e+01
2.775185484560108051e+01 2.932120550581664542e+00 4.499999999999998579e+01
2.875991532792995642e+01 2.969613293755370087e+00 4.500000000000001421e+01
2.976343527998683669e+01 3.052008732214649633e+00 4.499999999999990052e+01
3.076300044591566163e+01 3.188046650573929330e+00 4.499999999999996447e+01
3.175511772696202684e+01 3.387099703709434806e+00 4.499999999999995026e+01
3.269476823521078046e+01 3.736690451026625226e+00 4.500000000000000711e+01
3.363895277283336327e+01 4.094678459520634917e+00 4.500000000000001421e+01
3.449081193823743519e+01 4.632832491596850844e+00 4.500000000000000000e+01
3.526670899889310107e+01 5.275923965932263648e+00 4.499999999999998579e+01
3.585780933250498492e+01 6.086851740393870003e+00 4.500000000000001421e+01
3.642060542992646788e+01 6.923736901739934169e+00 4.500000000000002842e+01
3.684698973531710209e+01 7.836363408577752487e+00 4.499999999999998579e+01
3.713965523169058258e+01 8.799674610391701179e+00 4.499999999999997158e+01
3.740662699756394005e+01 9.769609027573482152e+00 4.499999999999999289e+01
3.764196232976483714e+01 1.074941161027896541e+01 4.499999999999999289e+01
3.779537901544230039e+01 1.174514959156664418e+01 4.500000000000000000e+01
3.793607960383987177e+01 1.274204980142271815e+01 4.499999999999999289e+01
3.808195251958911598e+01 1.373856625500764039e+01 4.500000000000001421e+01
3.819661905177131445e+01 1.473996835798511995e+01 4.499999999999999289e+01
3.827314952933302550e+01 1.574580702014182521e+01 4.500000000000002132e+01
3.834807415649069640e+01 1.675118454306816318e+01 4.499999999999996447e+01
3.842399341453384665e+01 1.775634712126772641e+01 4.499999999999999289e+01
3.847141649055767942e+01 1.876360842106995008e+01 4.499999999999997868e+01
3.852187888037423136e+01 1.977074526067867311e+01 4.500000000000000711e+01
3.856996630750342803e+01 2.077811685991948565e+01 4.500000000000000000e+01
3.860141949888404156e+01 2.178594201226867710e+01 4.500000000000000000e+01
3.862540008066518737e+01 2.279394658040963861e+01 4.500000000000000000e+01
3.864819496742134675e+01 2.380201367438953142e+01 4.500000000000001421e+01
3.867135225893022010e+01 2.481014457689782304e+01 4.500000000000000711e+01
3.868687432374078128e+01 2.581841471344996464e+01 4.500000000000002842e+01
3.869330890539847445e+01 2.682677322961882638e+01 4.499999999999997868e+01
3.870192686280755368e+01 2.783512433630948735e+01 4.500000000000000711e+01
3.870380430758172707e+01 2.884351746746221323e+01 4.499999999999999289e+01
3.870335468114462429e+01 2.985190771312670677e+01 4.500000000000000000e+01
3.869809647393927321e+01 3.086028965408405966e+01 4.499999999999999289e+01
3.868898161119457058e+01 3.186863022796368483e+01 4.500000000000000000e+01
3.868146878065508076e+01 3.287697931618637881e+01 4.499999999999999289e+01
3.866043018604669612e+01 3.388518892213954103e+01 4.499999999999999289e+01
3.864671963541525912e+01 3.489342998968722753e+01 4.499999999999998579e+01
3.862695347102778243e+01 3.590160018993359614e+01 4.500000000000000000e+01
3.859596051553725715e+01 3.690956012360658889e+01 4.499999999999999289e+01
3.857698988520913019e+01 3.791766577174679753e+01 4.500000000000001421e+01
3.853977323361475271e+01 3.892545442248625420e+01 4.500000000000000711e+01
3.850466919826552470e+01 3.993318632962810000e+01 4.500000000000000711e+01
3.847571049459661907e+01 4.094097140958207603e+01 4.499999999999997868e+01
3.842776049913985048e+01 4.194847347321005060e+01 4.500000000000003553e+01
3.837960289238962730e+01 4.295577802128737943e+01 4.499999999999987210e+01
3.831773231794300472e+01 4.396199027971196216e+01 4.499999999999999289e+01
3.827203494306894527e+01 4.496979262937858834e+01 4.500000000000000711e+01
3.818816550056455128e+01 4.597450994699211435e+01 4.500000000000000000e+01
3.809959840431333333e+01 4.697827844581064483e+01 4.499999999999999289e+01
3.802005575169355467e+01 4.798400413848570167e+01 4.499999999999999289e+01
3.787485779566476651e+01 4.898122919150875276e+01 4.500000000000000711e+01
3.772794922869356071e+01 4.997651609690814922e+01 4.499999999999998579e+01
3.756931657642829236e+01 5.097183332786549670e+01 4.500000000000000000e+01
3.728449281091068457e+01 5.193870395998380474e+01 4.500000000000001421e+01
3.697576606228770402e+01 5.289045685119528173e+01 4.499999999999997868e+01
3.656861047010458066e+01 5.381457316292316051e+01 4.499999999999997868e+01
3.609888456359632158e+01 5.469341244076471753e+01 4.500000000000002132e+01
3.544756435773543046e+01 5.545925091222839853e+01 4.500000000000000711e+01
3.470490520240321786e+01 5.614037252403642952e+01 4.500000000000001421e+01
3.380439199107161130e+01 5.659405735563812812e+01 4.500000000000002842e+01
3.290001341633713139e+01 5.704521959092114258e+01 4.500000000000000711e+01
3.193804996828853149e+01 5.732221602399539506e+01 4.500000000000001421e+01
3.097219586547671000e+01 5.759506446772279276e+01 4.499999999999999289e+01
2.998673108160949496e+01 5.780471125601054183e+01 4.500000000000001421e+01
2.898510720880235425e+01 5.792306036928745527e+01 4.500000000000002132e+01
2.798787853238262358e+01 5.806038577989426841e+01 4.499999999999998579e+01
2.698644838216893049e+01 5.817635993931079952e+01 4.499999999999999289e+01
2.597942598540590708e+01 5.824116487350396909e+01 4.500000000000000000e+01
2.497467062206127153e+01 5.832078084285009822e+01 4.499999999999992895e+01
2.396790945772830383e+01 5.838095092773436789e+01 4.500000000000000000e+01
