-3.600048319563664023e+01 -2.761904907226562855e+01 -4.500000000000000000e+01
-3.597032278934044314e+01 -2.661154604887858710e+01 -4.499999999999999289e+01
-3.593502342071526101e+01 -2.560437560462613860e+01 -4.500000000000000711e+01
-3.588924786607429951e+01 -2.459752903207871810e+01 -4.499999999999999289e+01
-3.582141978131045335e+01 -2.359187332332154696e+01 -4.499999999999999289e+01
-3.573051729183710989e+01 -2.258813975843881039e+01 -4.500000000000000000e+01
-3.563323730834786573e+01 -2.158525582068268989e+01 -4.500000000000000711e+01
-3.552391942723743057e+01 -2.058349946360363347e+01 -4.500000000000000711e+01
-3.538613957241570773e+01 -1.958495169691731164e+01 -4.500000000000000000e+01
-3.521916507603173585e+01 -1.859038296331788587e+01 -4.500000000000000000e+01
-3.500351886128417078e+01 -1.760575477475365602e+01 -4.499999999999998579e+01
-3.474582066115749512e+01 -1.663240417686607842e+01 -4.500000000000000711e+01
-3.449001506823032059e+01 -1.565815088998249394e+01 -4.500000000000000000e+01
-3.417110825689533016e+01 -1.470210624588764681e+01 -4.500000000000000711e+01
-3.382047929224749794e+01 -1.375772170154119856e+01 -4.499999999999998579e+01
-3.332976230165714782e+01 -1.287901340160482277e+01 -4.500000000000000000e+01
-3.282730408349852524e+01 -1.200452332806033162e+01 -4.499999999999999289e+01
-3.223485683218101627e+01 -1.118764222242396045e+01 -4.500000000000000000e+01
-3.150045591421073965e+01 -1.049271332702874737e+01 -4.499999999999998579e+01
-3.070688096550866675e+01 -9.870971944753792471e+00 -4.500000000000000711e+01
-2.979678897361384671e+01 -9.437150037370868105e+00 -4.500000000000000000e+01
-2.885357379947241085e+01 -9.098561178889246648e+00 -4.500000000000000000e+01
-2.785494623518188462e+01 -8.929690003241125495e+00 -4.500000000000000711e+01
-2.685622143182215638e+01 -8.923397356625329735e+00 -4.499999999999998579e+01
-2.584997201661960986e+01 -8.987405570158612633e+00 -4.499999999999998579e+01
-2.487149028967793285e+01 -9.242091553181042585e+00 -4.499999999999996447e+01
-2.393843141667947805e+01 -9.608438025234388391e+00 -4.499999999999998579e+01
-2.302806774596834316e+01 -1.004270025849178083e+01 -4.499999999999999289e+01
-2.218350416173255013e+01 -1.058892411918272813e+01 -4.499999999999999289e+01
-2.135578097509411322e+01 -1.116396801820663143e+01 -4.500000000000000711e+01
-2.058489147085412085e+01 -1.181174839951929911e+01 -4.500000000000000000e+01
-1.981365852983219611e+01 -1.246048740241390718e+01 -4.500000000000000000e+01
-1.907648035787201124e+01 -1.314676042856060967e+01 -4.500000000000000000e+01
-1.832622010079226982e+01 -1.381967114399009233e+01 -4.499999999999997868e+01
-1.758575969266668437e+01 -1.450260986151258713e+01 -4.500000000000000711e+01
-1.682701834185481360e+01 -1.516579750774699598e+01 -4.500000000000000000e+01
-1.605846398373637385e+01 -1.581725959134291770e+01 -4.500000000000000000e+01
-1.527098281108926159e+01 -1.644573579893658177e+01 -4.499999999999999289e+01
-1.446176011789854954e+01 -1.704606788216289459e+01 -4.499999999999999289e+01
-1.363256967992828095e+01 -1.761836895111099466e+01 -4.500000000000000711e+01
-1.277981819735473223e+01 -1.815510109087487933e+01 -4.500000000000000000e+01
-1.190172599859107549e+01 -1.864978754125641558e+01 -4.500000000000001421e+01
-1.100716314543678820e+01 -1.911399067301159604e+01 -4.499999999999998579e+01
-1.008427207311587992e+01 -1.951952684009920702e+01 -4.499999999999999289e+01
-9.149283257773173972e+00 -1.989627958336783209e+01 -4.500000000000001421e+01
-8.195460408880949288e+00 -2.022170833753881070e+01 -4.500000000000000000e+01
-7.228822461773352082e+00 -2.050565137569015661e+01 -4.499999999999999289e+01
-6.251878913643292179e+00 -2.075334073548255631e+01 -4.499999999999989342e+01
-5.263107216771572006e+00 -2.094937466501730583e+01 -4.499999999999992184e+01
-4.270610306840612935e+00 -2.112530551713665972e+01 -4.500000000000000000e+01
-3.270974548298375417e+00 -2.125396730054021432e+01 -4.499999999999997868e+01
-2.267889779587024535e+00 -2.135248458438377028e+01 -4.500000000000000711e+01
-1.261525504216398863e+00 -2.141002855172915176e+01 -4.499999999999999289e+01
-2.542594623167078183e-01 -2.143642870566951686e+01 -4.500000000000000711e+01
7.538353174579883742e-01 -2.143816901136154129e+01 -4.500000000000002132e+01
1.760424261475754815e+00 -2.138673861905587614e+01 -4.500000000000000711e+01
2.765796114931635241e+00 -2.132317520964873836e+01 -4.500000000000000000e+01
3.768146216333130738e+00 -2.121386684537241152e+01 -4.500000000000001421e+01
4.764219179877394517e+00 -2.106439204404842513e+01 -4.499999999999987921e+01
5.755614528915614869e+00 -2.088095249754742966e+01 -4.499999999999997868e+01
6.741328015470397617e+00 -2.066803269433309254e+01 -4.499999999999998579e+01
7.705707325793389018e+00 -2.037790703527490521e+01 -4.500000000000001421e+01
8.672851619175876436e+00 -2.009420682747656883e+01 -4.500000000000000000e+01
9.614715998039908840e+00 -1.973551452352973712e+01 -4.500000000000001421e+01
1.053702358780656034e+01 -1.933009751315244173e+01 -4.500000000000000711e+01
1.144572834626073643e+01 -1.889345665633076266e+01 -4.500000000000001421e+01
1.233610883330417352e+01 -1.842200190071651988e+01 -4.500000000000000711e+01
1.319639313127217051e+01 -1.789677956378153212e+01 -4.500000000000000000e+01
1.404088217464157040e+01 -1.734600759393273961e+01 -4.500000000000000000e+01
1.485224182066071563e+01 -1.674835898697000758e+01 -4.500000000000000000e+01
1.565535802841563040e+01 -1.613853091030366471e+01 -4.500000000000000000e+01
1.642254177441150276e+01 -1.548546172386607722e+01 -4.500000000000000711e+01
1.719418264913662853e+01 -1.483647873165041275e+01 -4.499999999999998579e+01
1.793034528400918148e+01 -1.414854890170195212e+01 -4.499999999999999289e+01
1.868856280390269475e+01 -1.348455022231637201e+01 -4.499999999999999289e+01
1.941684064983595803e+01 -1.278743960982959571e+01 -4.499999999999999289e+01
2.018782446195904967e+01 -1.213945698339486334e+01 -4.500000000000000711e+01
2.094248567904109493e+01 -1.146955636366955389e+01 -4.500000000000000000e+01
2.175941007886468626e+01 -1.088274758475510318e+01 -4.499999999999999289e+01
2.258120364017422688e+01 -1.029626080458314341e+01 -4.500000000000000711e+01
2.347059764057706843e+01 -9.832465354883899167e+00 -4.499999999999999289e+01
2.438799771214448953e+01 -9.410207421660526705e+00 -4.500000000000000711e+01
2.535966440943271749e+01 -9.125828246149755074e+00 -4.500000000000000711e+01
2.634884367530839100e+01 -8.974028593484586480e+00 -4.499999999999999289e+01
2.735716269716451876e+01 -8.917636036803745725e+00 -4.500000000000000000e+01
2.835640746667169054e+01 -9.050335925462208664e+00 -4.500000000000000000e+01
2.933054444893265611e+01 -9.296443363164327067e+00 -4.500000000000000000e+01
3.025327407257199752e+01 -9.702122526753271359e+00 -4.500000000000000000e+01
3.110645076871348635e+01 -1.023649931736098395e+01 -4.500000000000000000e+01
3.186011070409924884e+01 -1.090548441788959977e+01 -4.499999999999997158e+01
3.253047948842729653e+01 -1.165712930468776598e+01 -4.499999999999999289e+01
3.309110993474747886e+01 -1.249408405871682426e+01 -4.499999999999999289e+01
3.357218959864037799e+01 -1.337931571342618753e+01 -4.500000000000000000e+01
3.398885143193628267e+01 -1.429701085587778664e+01 -4.500000000000001421e+01
3.433168253762891453e+01 -1.524453483149090971e+01 -4.500000000000000711e+01
3.462032279168375482e+01 -1.620977143118002317e+01 -4.499999999999999289e+01
3.486600427329107532e+01 -1.718677150624725414e+01 -4.500000000000000711e+01
3.508516293317997992e+01 -1.816995567941250656e+01 -4.499999999999999289e+01
3.527858407918577655e+01 -1.915885296764864165e+01 -4.500000000000000000e+01
3.543364461725545311e+01 -2.015482628877508731e+01 -4.499999999999999289e+01
3.556276045399078356e+01 -2.115419536489487129e+01 -4.499999999999998579e+01
3.567633361780545442e+01 -2.215552736796259481e+01 -4.499999999999999289e+01
3.577341120315205103e+01 -2.315874821243417259e+01 -4.500000000000000000e+01
3.584834078079416031e+01 -2.416391817446536550e+01 -4.500000000000000000e+01
3.590469249744966618e+01 -2.517027600694018119e+01 -4.500000000000000000e+01
3.594749455191170995e+01 -2.617726734007207057e+01 -4.500000000000001421e+01
3.597931660727174119e+01 -2.718470374001433143e+01 -4.500000000000000000e+01
3.599354761323392893e+01 -2.819253765741966333e+01 -4.499999999999999289e+01
3.600071030911875880e+01 -2.920047125179693737e+01 -4.500000000000000000e+01
3.598874219826230103e+01 -3.020834852129840442e+01 -4.500000000000000000e+01
3.597240070430775916e+01 -3.121608287929888803e+01 -4.499999999999999289e+01
3.594395503960187455e+01 -3.222366221106638307e+01 -4.500000000000000711e+01
3.589872154065263743e+01 -3.323050141433154892e+01 -4.500000000000002132e+01
3.585807097038846081e+01 -3.423759071752902372e+01 -4.500000000000002132e+01
3.579097348516062027e+01 -3.524333746775188558e+01 -4.500000000000000000e+01
3.572866547732693476e+01 -3.624917904109385347e+01 -4.500000000000000000e+01
3.565510100001331750e+01 -3.725442913154343216e+01 -4.500000000000000711e+01
3.556273296215677959e+01 -3.825808315108318425e+01 -4.500000000000000000e+01
3.547950461335972250e+01 -3.926246505545384480e+01 -4.499999999999999289e+01
3.536307958567756771e+01 -4.026390274256161206e+01 -4.500000000000000000e+01
3.525023979508937799e+01 -4.126561782526253808e+01 -4.499999999999999289e+01
3.510544670492503627e+01 -4.226275767690474083e+01 -4.499999999999999289e+01
3.494596342163990244e+01 -4.325831604685337339e+01 -4.500000000000000000e+01
3.474806547397886192e+01 -4.424575451834625994e+01 -4.500000000000000000e+01
3.455608582153386976e+01 -4.523551851623145126e+01 -4.500000000000000000e+01
3.429079589435695397e+01 -4.620711943305438751e+01 -4.500000000000000000e+01
3.403977573251888344e+01 -4.718304455126866515e+01 -4.500000000000000711e+01
3.369568437131641048e+01 -4.813132871761176546e+01 -4.500000000000000711e+01
3.325999642470696216e+01 -4.903763715250421029e+01 -4.499999999999997158e+01
3.277965781068157725e+01 -4.992498433347635967e+01 -4.499999999999999289e+01
3.223164341117134768e+01 -5.076803513155661562e+01 -4.499999999999999289e+01
3.156661403347174755e+01 -5.152632172726801230e+01 -4.500000000000001421e+01
3.082776293441057192e+01 -5.221285235960053228e+01 -4.500000000000000000e+01
2.998675675010067820e+01 -5.276464006773943538e+01 -4.500000000000000000e+01
2.913214802677748239e+01 -5.330100153985402756e+01 -4.500000000000000000e+01
2.822026451194427921e+01 -5.373111632216257760e+01 -4.500000000000002132e+01
2.727071836191519694e+01 -5.406441655519804357e+01 -4.500000000000000000e+01
2.630388093943945549e+01 -5.434998668663418897e+01 -4.499999999999997868e+01
2.533049817599200182e+01 -5.460518001452987136e+01 -4.499999999999999289e+01
2.434756938405998739e+01 -5.482953164013365210e+01 -4.500000000000000000e+01
2.335592251757496740e+01 -5.500809662420222423e+01 -4.499999999999990052e+01
2.236117207746894664e+01 -5.517224187663752133e+01 -4.499999999999996447e+01
2.136260396849361598e+01 -5.530941171627085140e+01 -4.500000000000000711e+01
2.036031550077692032e+01 -5.541484475584540093e+01 -4.499999999999999289e+01
1.935807509371374735e+01 -5.552004484664941941e+01 -4.500000000000000711e+01
1.835534075594988224e+01 -5.562259126213644578e+01 -4.500000000000000711e+01
1.735067689926259504e+01 -5.570229745527269927e+01 -4.499999999999999289e+01
1.634720340996651800e+01 -5.579683319633122096e+01 -4.500000000000000000e+01
1.534219055104485108e+01 -5.587282520436765765e+01 -4.500000000000001421e+01
1.433704808864474955e+01 -5.594641381632322918e+01 -4.500000000000000000e+01
1.333246582641321609e+01 -5.602818743885084984e+01 -4.499999999999998579e+01
1.232634851588720437e+01 -5.608863282218681690e+01 -4.499999999999999289e+01
1.132106798059114539e+01 -5.616046534284255642e+01 -4.500000000000000000e+01
1.031523436128372495e+01 -5.622500353486913127e+01 -4.499999999999998579e+01
9.308640100736104372e+00 -5.627659231631731274e+01 -4.499999999999999289e+01
8.302667886385648899e+00 -5.633842961976406372e+01 -4.500000000000000711e+01
7.295665102856471407e+00 -5.638264289277203289e+01 -4.500000000000000711e+01
6.288730687511094430e+00 -5.642584839514673689e+01 -4.500000000000000000e+01
5.281705641134571749e+00 -5.646840702704304960e+01 -4.500000000000000000e+01
4.274020448841645781e+00 -5.649335930985630938e+01 -4.500000000000002842e+01
3.266534354328055834e+00 -5.652157076641522337e+01 -4.499999999999998579e+01
2.258741073960415680e+00 -5.654060198504281232e+01 -4.500000000000000000e+01
1.250817236878567718e+00 -5.654840142865494101e+01 -4.500000000000001421e+01
2.429045533290820347e-01 -5.655522770137831401e+01 -4.499999999999997868e+01
-7.650603132162306919e-01 -5.655129771616399381e+01 -4.500000000000000711e+01
-1.772965263620001064e+00 -5.654198014059566901e+01 -4.499999999999999289e+01
-2.780794361109342638e+00 -5.652579024787487327e+01 -4.499999999999999289e+01
-3.788471320901662054e+00 -5.650266140259926573e+01 -4.500000000000002132e+01
-4.796083972964799713e+00 -5.647585462105887899e+01 -4.499999999999998579e+01
-5.803331306450633775e+00 -5.643854746901407538e+01 -4.500000000000002842e+01
-6.810548872243976426e+00 -5.640077007560772415e+01 -4.500000000000002132e+01
-7.817585735505701905e+00 -5.635758769192528206e+01 -4.499999999999999289e+01
-8.824015416899218422e+00 -5.630317019638344789e+01 -4.500000000000000711e+01
-9.830766067487754611e+00 -5.625459415537910246e+01 -4.499999999999999289e+01
-1.083709057788008145e+01 -5.619782132694034260e+01 -4.500000000000000711e+01
-1.184273099759962911e+01 -5.613072407153686072e+01 -4.500000000000000000e+01
-1.284901548749529709e+01 -5.607355180424682572e+01 -4.500000000000000711e+01
-1.385461971831457717e+01 -5.600562350672034739e+01 -4.500000000000000711e+01
-1.485950359931680431e+01 -5.592806969729554112e+01 -4.500000000000000000e+01
-1.586514129098812376e+01 -5.586099040195468746e+01 -4.500000000000000711e+01
-1.686984050188713979e+01 -5.578071251612548309e+01 -4.500000000000000000e+01
-1.787351789539567903e+01 -5.568885259396903820e+01 -4.499999999999999289e+01
-1.887778754538789627e+01 -5.560440779576951797e+01 -4.500000000000000711e+01
-1.988062911976915004e+01 -5.550316101697781335e+01 -4.500000000000000000e+01
-2.088132511324274176e+01 -5.538288122443291428e+01 -4.499999999999997158e+01
-2.188213734618379291e+01 -5.526573287617987518e+01 -4.499999999999980815e+01
-2.287845945577157991e+01 -5.511159190601486557e+01 -4.499999999999976552e+01
-2.387270771247448664e+01 -5.494448888653888474e+01 -4.499999999999992184e+01
-2.485897867305477860e+01 -5.473589104578125841e+01 -4.499999999999998579e+01
-2.583565301028717087e+01 -5.448989410486294815e+01 -4.500000000000000711e+01
-2.680745250797402335e+01 -5.422462279790240558e+01 -4.500000000000001421e+01
-2.776042600934425764e+01 -5.389557802472849346e+01 -4.500000000000000000e+01
-2.868357682365097361e+01 -5.349097024700384395e+01 -4.500000000000001421e+01
-2.957500567396731128e+01 -5.301939010504602123e+01 -4.500000000000001421e+01
-3.040292969097237119e+01 -5.244982944352536691e+01 -4.499999999999999289e+01
-3.117796599590889528e+01 -5.180833014201973441e+01 -4.499999999999998579e+01
-3.187624463245624185e+01 -5.108620318931564697e+01 -4.499999999999998579e+01
-3.248152710400991339e+01 -5.028105654160162175e+01 -4.500000000000000000e+01
-3.301706293444804885e+01 -4.942777102409673518e+01 -4.500000000000001421e+01
-3.344979603033875293e+01 -4.851687086560349371e+01 -4.500000000000000711e+01
-3.382267424806816791e+01 -4.758038341941306726e+01 -4.500000000000000000e+01
-3.412809907611143245e+01 -4.662049127972599649e+01 -4.499999999999998579e+01
-3.439463682852417037e+01 -4.564958145625183761e+01 -4.500000000000000711e+01
-3.463246486445648742e+01 -4.467011813909908824e+01 -4.500000000000001421e+01
-3.481792754175062754e+01 -4.367930207805716236e+01 -4.499999999999998579e+01
-3.499282465496849426e+01 -4.268708986721114940e+01 -4.500000000000000711e+01
-3.515420683281556791e+01 -4.169220954355925812e+01 -4.499999999999996447e+01
-3.528398737239205474e+01 -4.069243864999499749e+01 -4.499999999999997158e+01
-3.540598102980829509e+01 -3.969179397024460343e+01 -4.499999999999991473e+01
-3.550567723437961121e+01 -3.868896624240472448e+01 -4.500000000000000000e+01
-3.561022516841817520e+01 -3.768642157521015434e+01 -4.499999999999999289e+01
-3.569171885120589138e+01 -3.668178578744782925e+01 -4.500000000000001421e+01
-3.576359593339184073e+01 -3.567652932056303428e+01 -4.499999999999999289e+01
-3.583595947585723707e+01 -3.467117849235798133e+01 -4.500000000000000000e+01
-3.588726332971909727e+01 -3.366453013384383297e+01 -4.499999999999997868e+01
-3.593425011863615026e+01 -3.265773293085126028e+01 -4.500000000000001421e+01
-3.597016200329551339e+01 -3.165041536552595858e+01 -4.500000000000000711e+01
-3.599376053868561343e+01 -3.064275363233293348e+01 -4.499999999999999289e+01
-3.600777918839845881e+01 -2.963489174159780859e+01 -4.500000000000000000e+01
-3.600716994579841668e+01 -2.862698261335957994e+01 -4.500000000000000000e+01
-3.600048319563664734e+01 -2.761904907226562500e+01 -4.500000000000000000e+01
